# campaign: 2024-09-08 00:00:00+00:00 2024-09-30 00:00:00+00:00
# time[s] T_15cm[˚C]
0.0 17.604166666666668
600.0 17.51388888888889
1200.0 17.42361111111111
1800.0 17.333333333333332
2400.0 17.15972222222222
3000.0 16.98611111111111
3600.0 16.8125
4200.0 16.756944444444443
4800.0 16.70138888888889
5400.0 16.645833333333332
6000.0 16.52777777777778
6600.0 16.40972222222222
7200.0 16.291666666666668
7800.0 16.15972222222222
8400.0 16.02777777777778
9000.0 15.895833333333334
9600.0 15.854166666666668
10200.0 15.8125
10800.0 15.770833333333334
11400.0 15.694444444444445
12000.0 15.618055555555555
12600.0 15.541666666666666
13200.0 15.416666666666666
13800.0 15.291666666666666
14400.0 15.166666666666666
15000.0 15.020833333333332
15600.0 14.875
16200.0 14.729166666666666
16800.0 14.659722222222221
17400.0 14.590277777777779
18000.0 14.520833333333334
18600.0 14.520833333333334
19200.0 14.520833333333334
19800.0 14.520833333333334
20400.0 14.73611111111111
21000.0 14.95138888888889
21600.0 15.166666666666666
22200.0 15.5
22800.0 15.833333333333334
23400.0 16.166666666666668
24000.0 16.5
24600.0 16.833333333333336
25200.0 17.166666666666668
25800.0 17.72222222222222
26400.0 18.27777777777778
27000.0 18.833333333333332
27600.0 19.15277777777778
28200.0 19.47222222222222
28800.0 19.791666666666668
29400.0 20.17361111111111
30000.0 20.555555555555557
30600.0 20.9375
31200.0 21.180555555555557
31800.0 21.42361111111111
32400.0 21.666666666666668
33000.0 21.854166666666668
33600.0 22.041666666666668
34200.0 22.229166666666668
34800.0 22.67361111111111
35400.0 23.118055555555557
36000.0 23.5625
36600.0 23.95138888888889
37200.0 24.34027777777778
37800.0 24.729166666666668
38400.0 25.069444444444446
39000.0 25.40972222222222
39600.0 25.75
40200.0 25.90277777777778
40800.0 26.055555555555554
41400.0 26.208333333333332
42000.0 26.381944444444443
42600.0 26.555555555555557
43200.0 26.729166666666668
43800.0 26.833333333333336
44400.0 26.9375
45000.0 27.041666666666668
45600.0 27.208333333333336
46200.0 27.375
46800.0 27.541666666666668
47400.0 27.61111111111111
48000.0 27.680555555555557
48600.0 27.75
49200.0 27.51388888888889
49800.0 27.27777777777778
50400.0 27.041666666666668
51000.0 26.930555555555557
51600.0 26.819444444444443
52200.0 26.708333333333332
52800.0 26.57638888888889
53400.0 26.444444444444443
54000.0 26.3125
54600.0 26.166666666666668
55200.0 26.020833333333332
55800.0 25.875
56400.0 25.78472222222222
57000.0 25.694444444444446
57600.0 25.604166666666668
58200.0 25.40277777777778
58800.0 25.20138888888889
59400.0 25.0
60000.0 24.708333333333332
60600.0 24.416666666666668
61200.0 24.125
61800.0 23.84027777777778
62400.0 23.555555555555554
63000.0 23.270833333333332
63600.0 23.01388888888889
64200.0 22.756944444444443
64800.0 22.5
65400.0 22.52777777777778
66000.0 22.555555555555554
66600.0 22.583333333333332
67200.0 22.583333333333332
67800.0 22.583333333333332
68400.0 22.583333333333332
69000.0 22.5625
69600.0 22.541666666666664
70200.0 22.520833333333332
70800.0 22.48611111111111
71400.0 22.45138888888889
72000.0 22.416666666666668
72600.0 22.3125
73200.0 22.208333333333336
73800.0 22.104166666666668
74400.0 22.006944444444446
75000.0 21.90972222222222
75600.0 21.8125
76200.0 21.72222222222222
76800.0 21.631944444444446
77400.0 21.541666666666668
78000.0 21.36111111111111
78600.0 21.180555555555557
79200.0 21.0
79800.0 20.90277777777778
80400.0 20.805555555555554
81000.0 20.708333333333332
81600.0 20.67361111111111
82200.0 20.63888888888889
82800.0 20.604166666666668
83400.0 20.47222222222222
84000.0 20.34027777777778
84600.0 20.208333333333332
85200.0 19.930555555555554
85800.0 19.65277777777778
86400.0 19.375
87000.0 19.4375
87600.0 19.5
88200.0 19.5625
88800.0 19.305555555555557
89400.0 19.04861111111111
90000.0 18.791666666666668
90600.0 18.805555555555557
91200.0 18.819444444444443
91800.0 18.833333333333332
92400.0 18.46527777777778
93000.0 18.09722222222222
93600.0 17.729166666666668
94200.0 17.618055555555557
94800.0 17.506944444444443
95400.0 17.395833333333332
96000.0 17.381944444444443
96600.0 17.368055555555557
97200.0 17.354166666666668
97800.0 17.305555555555557
98400.0 17.256944444444443
99000.0 17.208333333333332
99600.0 17.07638888888889
100200.0 16.944444444444443
100800.0 16.8125
101400.0 16.65972222222222
102000.0 16.506944444444446
102600.0 16.354166666666668
103200.0 16.305555555555557
103800.0 16.256944444444443
104400.0 16.208333333333332
105000.0 16.21527777777778
105600.0 16.22222222222222
106200.0 16.229166666666668
106800.0 16.229166666666668
107400.0 16.229166666666668
108000.0 16.229166666666668
108600.0 15.673611111111112
109200.0 15.118055555555555
109800.0 14.5625
110400.0 14.222222222222221
111000.0 13.881944444444445
111600.0 13.541666666666666
112200.0 13.305555555555555
112800.0 13.069444444444445
113400.0 12.833333333333334
114000.0 12.805555555555555
114600.0 12.777777777777779
115200.0 12.75
115800.0 12.784722222222221
116400.0 12.819444444444445
117000.0 12.854166666666666
117600.0 12.916666666666666
118200.0 12.979166666666666
118800.0 13.041666666666666
119400.0 13.166666666666666
120000.0 13.291666666666666
120600.0 13.416666666666666
121200.0 13.79861111111111
121800.0 14.180555555555555
122400.0 14.5625
123000.0 14.493055555555555
123600.0 14.42361111111111
124200.0 14.354166666666666
124800.0 14.4375
125400.0 14.520833333333332
126000.0 14.604166666666666
126600.0 14.67361111111111
127200.0 14.743055555555555
127800.0 14.8125
128400.0 14.86111111111111
129000.0 14.909722222222223
129600.0 14.958333333333334
130200.0 14.958333333333334
130800.0 14.958333333333334
131400.0 14.958333333333334
132000.0 14.958333333333334
132600.0 14.958333333333334
133200.0 14.958333333333334
133800.0 15.222222222222223
134400.0 15.48611111111111
135000.0 15.75
135600.0 15.756944444444445
136200.0 15.76388888888889
136800.0 15.770833333333334
137400.0 15.729166666666668
138000.0 15.6875
138600.0 15.645833333333334
139200.0 15.652777777777779
139800.0 15.659722222222221
140400.0 15.666666666666666
141000.0 15.645833333333332
141600.0 15.625
142200.0 15.604166666666666
142800.0 15.61111111111111
143400.0 15.618055555555555
144000.0 15.625
144600.0 15.541666666666666
145200.0 15.458333333333334
145800.0 15.375
146400.0 15.270833333333334
147000.0 15.166666666666666
147600.0 15.0625
148200.0 15.01388888888889
148800.0 14.965277777777777
149400.0 14.916666666666666
150000.0 14.895833333333332
150600.0 14.875
151200.0 14.854166666666666
151800.0 14.770833333333332
152400.0 14.6875
153000.0 14.604166666666666
153600.0 14.520833333333332
154200.0 14.4375
154800.0 14.354166666666666
155400.0 14.23611111111111
156000.0 14.118055555555555
156600.0 14.0
157200.0 13.88888888888889
157800.0 13.777777777777777
158400.0 13.666666666666666
159000.0 13.61111111111111
159600.0 13.555555555555555
160200.0 13.5
160800.0 13.416666666666666
161400.0 13.333333333333334
162000.0 13.25
162600.0 13.222222222222221
163200.0 13.194444444444445
163800.0 13.166666666666666
164400.0 13.131944444444445
165000.0 13.097222222222221
165600.0 13.0625
166200.0 13.090277777777779
166800.0 13.118055555555555
167400.0 13.145833333333334
168000.0 13.125
168600.0 13.104166666666668
169200.0 13.083333333333334
169800.0 13.131944444444445
170400.0 13.180555555555555
171000.0 13.229166666666666
171600.0 13.229166666666666
172200.0 13.229166666666666
172800.0 13.229166666666666
173400.0 13.215277777777777
174000.0 13.20138888888889
174600.0 13.1875
175200.0 13.166666666666666
175800.0 13.145833333333334
176400.0 13.125
177000.0 13.125
177600.0 13.125
178200.0 13.125
178800.0 13.090277777777779
179400.0 13.055555555555555
180000.0 13.020833333333334
180600.0 12.979166666666668
181200.0 12.9375
181800.0 12.895833333333334
182400.0 12.840277777777779
183000.0 12.784722222222221
183600.0 12.729166666666666
184200.0 12.729166666666666
184800.0 12.729166666666666
185400.0 12.729166666666666
186000.0 12.63888888888889
186600.0 12.54861111111111
187200.0 12.458333333333334
187800.0 12.36111111111111
188400.0 12.26388888888889
189000.0 12.166666666666666
189600.0 12.159722222222221
190200.0 12.152777777777779
190800.0 12.145833333333334
191400.0 12.340277777777779
192000.0 12.534722222222221
192600.0 12.729166666666666
193200.0 12.92361111111111
193800.0 13.118055555555555
194400.0 13.3125
195000.0 13.402777777777779
195600.0 13.493055555555555
196200.0 13.583333333333334
196800.0 13.67361111111111
197400.0 13.76388888888889
198000.0 13.854166666666666
198600.0 13.98611111111111
199200.0 14.118055555555555
199800.0 14.25
200400.0 14.395833333333334
201000.0 14.541666666666666
201600.0 14.6875
202200.0 14.67361111111111
202800.0 14.659722222222223
203400.0 14.645833333333334
204000.0 14.82638888888889
204600.0 15.006944444444445
205200.0 15.1875
205800.0 15.222222222222221
206400.0 15.256944444444445
207000.0 15.291666666666666
207600.0 15.25
208200.0 15.208333333333332
208800.0 15.166666666666666
209400.0 15.32638888888889
210000.0 15.48611111111111
210600.0 15.645833333333334
211200.0 15.729166666666668
211800.0 15.8125
212400.0 15.895833333333334
213000.0 16.069444444444446
213600.0 16.243055555555557
214200.0 16.416666666666668
214800.0 16.34722222222222
215400.0 16.27777777777778
216000.0 16.208333333333332
216600.0 16.17361111111111
217200.0 16.13888888888889
217800.0 16.104166666666668
218400.0 16.305555555555557
219000.0 16.506944444444443
219600.0 16.708333333333332
220200.0 16.61111111111111
220800.0 16.51388888888889
221400.0 16.416666666666668
222000.0 16.305555555555557
222600.0 16.194444444444443
223200.0 16.083333333333332
223800.0 16.041666666666664
224400.0 16.0
225000.0 15.958333333333334
225600.0 16.01388888888889
226200.0 16.069444444444443
226800.0 16.125
227400.0 16.0
228000.0 15.875
228600.0 15.75
229200.0 15.708333333333334
229800.0 15.666666666666666
230400.0 15.625
231000.0 15.520833333333334
231600.0 15.416666666666666
232200.0 15.3125
232800.0 15.23611111111111
233400.0 15.159722222222223
234000.0 15.083333333333334
234600.0 14.92361111111111
235200.0 14.76388888888889
235800.0 14.604166666666666
236400.0 14.347222222222221
237000.0 14.090277777777779
237600.0 13.833333333333334
238200.0 13.590277777777779
238800.0 13.347222222222221
239400.0 13.104166666666666
240000.0 12.805555555555555
240600.0 12.506944444444445
241200.0 12.208333333333334
241800.0 12.23611111111111
242400.0 12.26388888888889
243000.0 12.291666666666666
243600.0 12.208333333333332
244200.0 12.125
244800.0 12.041666666666666
245400.0 11.881944444444445
246000.0 11.722222222222221
246600.0 11.5625
247200.0 11.430555555555555
247800.0 11.29861111111111
248400.0 11.166666666666666
249000.0 11.090277777777777
249600.0 11.01388888888889
250200.0 10.9375
250800.0 10.743055555555555
251400.0 10.54861111111111
252000.0 10.354166666666666
252600.0 10.17361111111111
253200.0 9.993055555555555
253800.0 9.8125
254400.0 9.95138888888889
255000.0 10.090277777777777
255600.0 10.229166666666666
256200.0 10.63888888888889
256800.0 11.04861111111111
257400.0 11.458333333333334
258000.0 11.527777777777779
258600.0 11.597222222222221
259200.0 11.666666666666666
259800.0 11.67361111111111
260400.0 11.680555555555555
261000.0 11.6875
261600.0 11.645833333333334
262200.0 11.604166666666666
262800.0 11.5625
263400.0 11.590277777777779
264000.0 11.618055555555555
264600.0 11.645833333333334
265200.0 11.604166666666668
265800.0 11.5625
266400.0 11.520833333333334
267000.0 11.527777777777779
267600.0 11.534722222222221
268200.0 11.541666666666666
268800.0 11.5
269400.0 11.458333333333332
270000.0 11.416666666666666
270600.0 11.458333333333332
271200.0 11.5
271800.0 11.541666666666666
272400.0 11.479166666666666
273000.0 11.416666666666666
273600.0 11.354166666666666
274200.0 11.340277777777777
274800.0 11.32638888888889
275400.0 11.3125
276000.0 11.229166666666666
276600.0 11.145833333333334
277200.0 11.0625
277800.0 11.118055555555555
278400.0 11.17361111111111
279000.0 11.229166666666666
279600.0 11.38888888888889
280200.0 11.54861111111111
280800.0 11.708333333333334
281400.0 11.819444444444445
282000.0 11.930555555555555
282600.0 12.041666666666666
283200.0 12.166666666666666
283800.0 12.291666666666666
284400.0 12.416666666666666
285000.0 12.520833333333332
285600.0 12.625
286200.0 12.729166666666666
286800.0 13.027777777777777
287400.0 13.32638888888889
288000.0 13.625
288600.0 13.645833333333334
289200.0 13.666666666666666
289800.0 13.6875
290400.0 13.743055555555555
291000.0 13.79861111111111
291600.0 13.854166666666666
292200.0 13.895833333333332
292800.0 13.9375
293400.0 13.979166666666666
294000.0 14.069444444444445
294600.0 14.159722222222221
295200.0 14.25
295800.0 14.402777777777779
296400.0 14.555555555555555
297000.0 14.708333333333334
297600.0 14.73611111111111
298200.0 14.76388888888889
298800.0 14.791666666666666
299400.0 14.76388888888889
300000.0 14.73611111111111
300600.0 14.708333333333334
301200.0 14.694444444444445
301800.0 14.680555555555555
302400.0 14.666666666666666
303000.0 14.666666666666666
303600.0 14.666666666666666
304200.0 14.666666666666666
304800.0 14.57638888888889
305400.0 14.48611111111111
306000.0 14.395833333333334
306600.0 14.465277777777779
307200.0 14.534722222222221
307800.0 14.604166666666666
308400.0 14.625
309000.0 14.645833333333332
309600.0 14.666666666666666
310200.0 14.63888888888889
310800.0 14.61111111111111
311400.0 14.583333333333334
312000.0 14.527777777777779
312600.0 14.472222222222221
313200.0 14.416666666666666
313800.0 14.25
314400.0 14.083333333333332
315000.0 13.916666666666666
315600.0 13.604166666666666
316200.0 13.291666666666666
316800.0 12.979166666666666
317400.0 12.979166666666666
318000.0 12.979166666666666
318600.0 12.979166666666666
319200.0 12.902777777777777
319800.0 12.82638888888889
320400.0 12.75
321000.0 12.215277777777779
321600.0 11.680555555555555
322200.0 11.145833333333334
322800.0 10.958333333333334
323400.0 10.770833333333334
324000.0 10.583333333333334
324600.0 10.493055555555555
325200.0 10.402777777777779
325800.0 10.3125
326400.0 10.215277777777779
327000.0 10.118055555555555
327600.0 10.020833333333334
328200.0 9.958333333333334
328800.0 9.895833333333334
329400.0 9.833333333333334
330000.0 9.79861111111111
330600.0 9.76388888888889
331200.0 9.729166666666666
331800.0 9.722222222222221
332400.0 9.715277777777779
333000.0 9.708333333333334
333600.0 9.666666666666668
334200.0 9.625
334800.0 9.583333333333334
335400.0 9.583333333333334
336000.0 9.583333333333334
336600.0 9.583333333333334
337200.0 9.54861111111111
337800.0 9.51388888888889
338400.0 9.479166666666666
339000.0 9.409722222222221
339600.0 9.340277777777779
340200.0 9.270833333333334
340800.0 9.20138888888889
341400.0 9.131944444444445
342000.0 9.0625
342600.0 8.993055555555555
343200.0 8.92361111111111
343800.0 8.854166666666666
344400.0 8.847222222222221
345000.0 8.840277777777779
345600.0 8.833333333333334
346200.0 8.833333333333334
346800.0 8.833333333333334
347400.0 8.833333333333334
348000.0 8.79861111111111
348600.0 8.76388888888889
349200.0 8.729166666666666
349800.0 8.715277777777777
350400.0 8.70138888888889
351000.0 8.6875
351600.0 8.631944444444445
352200.0 8.57638888888889
352800.0 8.520833333333334
353400.0 8.465277777777779
354000.0 8.409722222222221
354600.0 8.354166666666666
355200.0 8.270833333333332
355800.0 8.1875
356400.0 8.104166666666666
357000.0 8.055555555555555
357600.0 8.006944444444445
358200.0 7.958333333333333
358800.0 7.840277777777778
359400.0 7.722222222222222
360000.0 7.604166666666667
360600.0 7.569444444444445
361200.0 7.534722222222222
361800.0 7.5
362400.0 7.465277777777778
363000.0 7.430555555555555
363600.0 7.395833333333333
364200.0 7.4375
364800.0 7.479166666666666
365400.0 7.520833333333333
366000.0 7.576388888888888
366600.0 7.631944444444445
367200.0 7.6875
367800.0 7.763888888888889
368400.0 7.840277777777778
369000.0 7.916666666666667
369600.0 7.986111111111112
370200.0 8.055555555555555
370800.0 8.125
371400.0 8.20138888888889
372000.0 8.277777777777777
372600.0 8.354166666666666
373200.0 8.48611111111111
373800.0 8.618055555555555
374400.0 8.75
375000.0 8.805555555555555
375600.0 8.86111111111111
376200.0 8.916666666666666
376800.0 9.01388888888889
377400.0 9.11111111111111
378000.0 9.208333333333334
378600.0 9.25
379200.0 9.291666666666668
379800.0 9.333333333333334
380400.0 9.4375
381000.0 9.541666666666668
381600.0 9.645833333333334
382200.0 9.61111111111111
382800.0 9.57638888888889
383400.0 9.541666666666666
384000.0 9.534722222222221
384600.0 9.527777777777779
385200.0 9.520833333333334
385800.0 9.541666666666668
386400.0 9.5625
387000.0 9.583333333333334
387600.0 9.520833333333334
388200.0 9.458333333333334
388800.0 9.395833333333334
389400.0 9.430555555555555
390000.0 9.465277777777779
390600.0 9.5
391200.0 9.5
391800.0 9.5
392400.0 9.5
393000.0 9.541666666666666
393600.0 9.583333333333334
394200.0 9.625
394800.0 9.708333333333334
395400.0 9.791666666666666
396000.0 9.875
396600.0 9.840277777777779
397200.0 9.805555555555555
397800.0 9.770833333333334
398400.0 9.631944444444445
399000.0 9.493055555555555
399600.0 9.354166666666666
400200.0 9.36111111111111
400800.0 9.368055555555555
401400.0 9.375
402000.0 9.409722222222221
402600.0 9.444444444444445
403200.0 9.479166666666666
403800.0 9.409722222222221
404400.0 9.340277777777779
405000.0 9.270833333333334
405600.0 9.125
406200.0 8.979166666666668
406800.0 8.833333333333334
407400.0 8.708333333333334
408000.0 8.583333333333334
408600.0 8.458333333333334
409200.0 8.333333333333334
409800.0 8.208333333333334
410400.0 8.083333333333334
411000.0 8.006944444444445
411600.0 7.930555555555556
412200.0 7.854166666666667
412800.0 7.805555555555555
413400.0 7.756944444444445
414000.0 7.708333333333333
414600.0 7.666666666666666
415200.0 7.625
415800.0 7.583333333333333
416400.0 7.541666666666666
417000.0 7.5
417600.0 7.458333333333333
418200.0 7.458333333333333
418800.0 7.458333333333333
419400.0 7.458333333333333
420000.0 7.381944444444445
420600.0 7.305555555555555
421200.0 7.229166666666667
421800.0 7.25
422400.0 7.270833333333334
423000.0 7.291666666666667
423600.0 7.284722222222222
424200.0 7.277777777777778
424800.0 7.270833333333333
425400.0 7.25
426000.0 7.229166666666666
426600.0 7.208333333333333
427200.0 7.215277777777778
427800.0 7.222222222222222
428400.0 7.229166666666667
429000.0 7.222222222222222
429600.0 7.215277777777778
430200.0 7.208333333333333
430800.0 7.236111111111111
431400.0 7.263888888888889
432000.0 7.291666666666667
432600.0 7.270833333333334
433200.0 7.25
433800.0 7.229166666666667
434400.0 7.340277777777778
435000.0 7.451388888888889
435600.0 7.5625
436200.0 7.625
436800.0 7.6875
437400.0 7.75
438000.0 7.770833333333333
438600.0 7.791666666666667
439200.0 7.8125
439800.0 7.805555555555555
440400.0 7.798611111111112
441000.0 7.791666666666667
441600.0 7.75
442200.0 7.708333333333334
442800.0 7.666666666666667
443400.0 7.6875
444000.0 7.708333333333334
444600.0 7.729166666666667
445200.0 7.666666666666667
445800.0 7.604166666666667
446400.0 7.541666666666667
447000.0 7.451388888888889
447600.0 7.361111111111111
448200.0 7.270833333333333
448800.0 7.277777777777778
449400.0 7.284722222222222
450000.0 7.291666666666667
450600.0 7.291666666666667
451200.0 7.291666666666667
451800.0 7.291666666666667
452400.0 7.291666666666667
453000.0 7.291666666666667
453600.0 7.291666666666667
454200.0 7.333333333333334
454800.0 7.375
455400.0 7.416666666666667
456000.0 7.458333333333334
456600.0 7.5
457200.0 7.541666666666667
457800.0 7.583333333333334
458400.0 7.625
459000.0 7.666666666666667
459600.0 7.638888888888889
460200.0 7.611111111111111
460800.0 7.583333333333333
461400.0 7.520833333333333
462000.0 7.458333333333333
462600.0 7.395833333333333
463200.0 7.388888888888888
463800.0 7.381944444444445
464400.0 7.375
465000.0 7.3125
465600.0 7.25
466200.0 7.1875
466800.0 7.159722222222222
467400.0 7.131944444444445
468000.0 7.104166666666667
468600.0 6.944444444444445
469200.0 6.784722222222222
469800.0 6.625
470400.0 6.638888888888889
471000.0 6.652777777777778
471600.0 6.666666666666667
472200.0 6.645833333333334
472800.0 6.625
473400.0 6.604166666666667
474000.0 6.645833333333334
474600.0 6.6875
475200.0 6.729166666666667
475800.0 6.75
476400.0 6.770833333333334
477000.0 6.791666666666667
477600.0 6.791666666666667
478200.0 6.791666666666667
478800.0 6.791666666666667
479400.0 6.784722222222222
480000.0 6.777777777777778
480600.0 6.770833333333333
481200.0 6.729166666666666
481800.0 6.6875
482400.0 6.645833333333333
483000.0 6.645833333333333
483600.0 6.645833333333333
484200.0 6.645833333333333
484800.0 6.590277777777778
485400.0 6.534722222222222
486000.0 6.479166666666667
486600.0 6.472222222222222
487200.0 6.465277777777778
487800.0 6.458333333333333
488400.0 6.430555555555555
489000.0 6.402777777777778
489600.0 6.375
490200.0 6.291666666666667
490800.0 6.208333333333333
491400.0 6.125
492000.0 6.145833333333333
492600.0 6.166666666666667
493200.0 6.1875
493800.0 6.201388888888889
494400.0 6.215277777777778
495000.0 6.229166666666667
495600.0 6.284722222222222
496200.0 6.340277777777778
496800.0 6.395833333333333
497400.0 6.506944444444445
498000.0 6.618055555555555
498600.0 6.729166666666667
499200.0 6.847222222222222
499800.0 6.965277777777778
500400.0 7.083333333333333
501000.0 7.090277777777778
501600.0 7.097222222222222
502200.0 7.104166666666667
502800.0 7.118055555555555
503400.0 7.131944444444445
504000.0 7.145833333333333
504600.0 7.222222222222222
505200.0 7.298611111111111
505800.0 7.375
506400.0 7.4375
507000.0 7.5
507600.0 7.5625
508200.0 7.513888888888889
508800.0 7.465277777777778
509400.0 7.416666666666667
510000.0 7.347222222222222
510600.0 7.277777777777778
511200.0 7.208333333333333
511800.0 7.256944444444445
512400.0 7.305555555555555
513000.0 7.354166666666667
513600.0 7.395833333333334
514200.0 7.4375
514800.0 7.479166666666667
515400.0 7.513888888888889
516000.0 7.548611111111111
516600.0 7.583333333333333
517200.0 7.604166666666666
517800.0 7.625
518400.0 7.645833333333333
519000.0 7.659722222222222
519600.0 7.673611111111111
520200.0 7.6875
520800.0 7.673611111111111
521400.0 7.659722222222222
522000.0 7.645833333333333
522600.0 7.611111111111111
523200.0 7.576388888888889
523800.0 7.541666666666667
524400.0 7.520833333333334
525000.0 7.5
525600.0 7.479166666666667
526200.0 7.479166666666667
526800.0 7.479166666666667
527400.0 7.479166666666667
528000.0 7.472222222222222
528600.0 7.465277777777778
529200.0 7.458333333333333
529800.0 7.465277777777778
530400.0 7.472222222222222
531000.0 7.479166666666667
531600.0 7.5
532200.0 7.520833333333334
532800.0 7.541666666666667
533400.0 7.555555555555555
534000.0 7.569444444444445
534600.0 7.583333333333333
535200.0 7.576388888888888
535800.0 7.569444444444445
536400.0 7.5625
537000.0 7.555555555555555
537600.0 7.548611111111112
538200.0 7.541666666666667
538800.0 7.548611111111112
539400.0 7.555555555555555
540000.0 7.5625
540600.0 7.583333333333333
541200.0 7.604166666666667
541800.0 7.625
542400.0 7.618055555555555
543000.0 7.611111111111112
543600.0 7.604166666666667
544200.0 7.597222222222222
544800.0 7.590277777777778
545400.0 7.583333333333333
546000.0 7.611111111111111
546600.0 7.638888888888889
547200.0 7.666666666666667
547800.0 7.680555555555555
548400.0 7.694444444444445
549000.0 7.708333333333333
549600.0 7.708333333333333
550200.0 7.708333333333333
550800.0 7.708333333333333
551400.0 7.75
552000.0 7.791666666666666
552600.0 7.833333333333333
553200.0 7.868055555555555
553800.0 7.902777777777778
554400.0 7.9375
555000.0 7.965277777777778
555600.0 7.993055555555556
556200.0 8.020833333333334
556800.0 8.215277777777779
557400.0 8.409722222222221
558000.0 8.604166666666666
558600.0 8.86111111111111
559200.0 9.118055555555555
559800.0 9.375
560400.0 9.416666666666666
561000.0 9.458333333333334
561600.0 9.5
562200.0 9.5625
562800.0 9.625
563400.0 9.6875
564000.0 9.70138888888889
564600.0 9.715277777777777
565200.0 9.729166666666666
565800.0 9.680555555555555
566400.0 9.631944444444445
567000.0 9.583333333333334
567600.0 9.680555555555555
568200.0 9.777777777777779
568800.0 9.875
569400.0 9.895833333333334
570000.0 9.916666666666666
570600.0 9.9375
571200.0 10.006944444444445
571800.0 10.07638888888889
572400.0 10.145833333333334
573000.0 10.20138888888889
573600.0 10.256944444444445
574200.0 10.3125
574800.0 10.340277777777779
575400.0 10.368055555555555
576000.0 10.395833333333334
576600.0 10.395833333333334
577200.0 10.395833333333334
577800.0 10.395833333333334
578400.0 10.416666666666668
579000.0 10.4375
579600.0 10.458333333333334
580200.0 10.416666666666668
580800.0 10.375
581400.0 10.333333333333334
582000.0 10.32638888888889
582600.0 10.319444444444445
583200.0 10.3125
583800.0 10.23611111111111
584400.0 10.159722222222223
585000.0 10.083333333333334
585600.0 10.090277777777779
586200.0 10.097222222222221
586800.0 10.104166666666666
587400.0 10.07638888888889
588000.0 10.04861111111111
588600.0 10.020833333333334
589200.0 10.041666666666668
589800.0 10.0625
590400.0 10.083333333333334
591000.0 10.027777777777779
591600.0 9.972222222222221
592200.0 9.916666666666666
592800.0 9.868055555555555
593400.0 9.819444444444445
594000.0 9.770833333333334
594600.0 9.722222222222223
595200.0 9.67361111111111
595800.0 9.625
596400.0 9.569444444444445
597000.0 9.51388888888889
597600.0 9.458333333333334
598200.0 9.402777777777779
598800.0 9.347222222222221
599400.0 9.291666666666666
600000.0 9.23611111111111
600600.0 9.180555555555555
601200.0 9.125
601800.0 9.07638888888889
602400.0 9.027777777777777
603000.0 8.979166666666666
603600.0 8.944444444444445
604200.0 8.909722222222221
604800.0 8.875
605400.0 8.82638888888889
606000.0 8.777777777777777
606600.0 8.729166666666666
607200.0 8.743055555555555
607800.0 8.756944444444445
608400.0 8.770833333333334
609000.0 8.722222222222223
609600.0 8.67361111111111
610200.0 8.625
610800.0 8.61111111111111
611400.0 8.597222222222223
612000.0 8.583333333333334
612600.0 8.54861111111111
613200.0 8.51388888888889
613800.0 8.479166666666666
614400.0 8.409722222222221
615000.0 8.340277777777779
615600.0 8.270833333333334
616200.0 8.243055555555555
616800.0 8.215277777777779
617400.0 8.1875
618000.0 8.166666666666666
618600.0 8.145833333333334
619200.0 8.125
619800.0 8.125
620400.0 8.125
621000.0 8.125
621600.0 8.083333333333334
622200.0 8.041666666666666
622800.0 8.0
623400.0 8.01388888888889
624000.0 8.027777777777777
624600.0 8.041666666666666
625200.0 8.069444444444445
625800.0 8.097222222222221
626400.0 8.125
627000.0 8.159722222222221
627600.0 8.194444444444445
628200.0 8.229166666666666
628800.0 8.277777777777777
629400.0 8.32638888888889
630000.0 8.375
630600.0 8.409722222222221
631200.0 8.444444444444445
631800.0 8.479166666666666
632400.0 8.5
633000.0 8.520833333333332
633600.0 8.541666666666666
634200.0 8.659722222222221
634800.0 8.777777777777779
635400.0 8.895833333333334
636000.0 8.965277777777779
636600.0 9.034722222222221
637200.0 9.104166666666666
637800.0 9.13888888888889
638400.0 9.17361111111111
639000.0 9.208333333333334
639600.0 9.07638888888889
640200.0 8.944444444444445
640800.0 8.8125
641400.0 8.465277777777779
642000.0 8.118055555555555
642600.0 7.770833333333333
643200.0 7.75
643800.0 7.729166666666666
644400.0 7.708333333333333
645000.0 7.743055555555555
645600.0 7.777777777777778
646200.0 7.8125
646800.0 7.868055555555555
647400.0 7.923611111111112
648000.0 7.979166666666667
648600.0 8.006944444444445
649200.0 8.034722222222221
649800.0 8.0625
650400.0 8.090277777777779
651000.0 8.118055555555555
651600.0 8.145833333333334
652200.0 8.194444444444445
652800.0 8.243055555555555
653400.0 8.291666666666666
654000.0 8.32638888888889
654600.0 8.36111111111111
655200.0 8.395833333333334
655800.0 8.444444444444445
656400.0 8.493055555555555
657000.0 8.541666666666666
657600.0 8.5625
658200.0 8.583333333333332
658800.0 8.604166666666666
659400.0 8.645833333333332
660000.0 8.6875
660600.0 8.729166666666666
661200.0 8.743055555555555
661800.0 8.756944444444445
662400.0 8.770833333333334
663000.0 8.784722222222223
663600.0 8.79861111111111
664200.0 8.8125
664800.0 8.8125
665400.0 8.8125
666000.0 8.8125
666600.0 8.805555555555555
667200.0 8.79861111111111
667800.0 8.791666666666666
668400.0 8.79861111111111
669000.0 8.805555555555555
669600.0 8.8125
670200.0 8.777777777777779
670800.0 8.743055555555555
671400.0 8.708333333333334
672000.0 8.694444444444445
672600.0 8.680555555555555
673200.0 8.666666666666666
673800.0 8.645833333333332
674400.0 8.625
675000.0 8.604166666666666
675600.0 8.618055555555555
676200.0 8.631944444444445
676800.0 8.645833333333334
677400.0 8.659722222222223
678000.0 8.67361111111111
678600.0 8.6875
679200.0 8.680555555555555
679800.0 8.67361111111111
680400.0 8.666666666666666
681000.0 8.659722222222221
681600.0 8.652777777777779
682200.0 8.645833333333334
682800.0 8.631944444444445
683400.0 8.618055555555555
684000.0 8.604166666666666
684600.0 8.625
685200.0 8.645833333333332
685800.0 8.666666666666666
686400.0 8.6875
687000.0 8.708333333333332
687600.0 8.729166666666666
688200.0 8.75
688800.0 8.770833333333332
689400.0 8.791666666666666
690000.0 8.8125
690600.0 8.833333333333332
691200.0 8.854166666666666
691800.0 8.881944444444445
692400.0 8.909722222222221
693000.0 8.9375
693600.0 8.930555555555555
694200.0 8.92361111111111
694800.0 8.916666666666666
695400.0 8.909722222222221
696000.0 8.902777777777779
696600.0 8.895833333333334
697200.0 8.895833333333334
697800.0 8.895833333333334
698400.0 8.895833333333334
699000.0 8.902777777777779
699600.0 8.909722222222221
700200.0 8.916666666666666
700800.0 8.88888888888889
701400.0 8.86111111111111
702000.0 8.833333333333334
702600.0 8.8125
703200.0 8.791666666666668
703800.0 8.770833333333334
704400.0 8.73611111111111
705000.0 8.70138888888889
705600.0 8.666666666666666
706200.0 8.666666666666666
706800.0 8.666666666666666
707400.0 8.666666666666666
708000.0 8.666666666666666
708600.0 8.666666666666666
709200.0 8.666666666666666
709800.0 8.70138888888889
710400.0 8.73611111111111
711000.0 8.770833333333334
711600.0 8.8125
712200.0 8.854166666666668
712800.0 8.895833333333334
713400.0 8.92361111111111
714000.0 8.95138888888889
714600.0 8.979166666666666
715200.0 9.027777777777777
715800.0 9.07638888888889
716400.0 9.125
717000.0 9.208333333333334
717600.0 9.291666666666666
718200.0 9.375
718800.0 9.479166666666666
719400.0 9.583333333333334
720000.0 9.6875
720600.0 9.770833333333334
721200.0 9.854166666666666
721800.0 9.9375
722400.0 10.034722222222221
723000.0 10.131944444444445
723600.0 10.229166666666666
724200.0 10.284722222222221
724800.0 10.340277777777779
725400.0 10.395833333333334
726000.0 10.472222222222223
726600.0 10.54861111111111
727200.0 10.625
727800.0 10.784722222222221
728400.0 10.944444444444445
729000.0 11.104166666666666
729600.0 11.38888888888889
730200.0 11.67361111111111
730800.0 11.958333333333334
731400.0 12.243055555555555
732000.0 12.527777777777779
732600.0 12.8125
733200.0 12.979166666666666
733800.0 13.145833333333334
734400.0 13.3125
735000.0 13.430555555555555
735600.0 13.54861111111111
736200.0 13.666666666666666
736800.0 13.680555555555555
737400.0 13.694444444444445
738000.0 13.708333333333334
738600.0 13.79861111111111
739200.0 13.88888888888889
739800.0 13.979166666666666
740400.0 13.909722222222221
741000.0 13.840277777777779
741600.0 13.770833333333334
742200.0 13.777777777777779
742800.0 13.784722222222221
743400.0 13.791666666666666
744000.0 13.777777777777777
744600.0 13.76388888888889
745200.0 13.75
745800.0 13.722222222222221
746400.0 13.694444444444445
747000.0 13.666666666666666
747600.0 13.583333333333332
748200.0 13.5
748800.0 13.416666666666666
749400.0 13.347222222222221
750000.0 13.277777777777779
750600.0 13.208333333333334
751200.0 13.194444444444445
751800.0 13.180555555555555
752400.0 13.166666666666666
753000.0 13.13888888888889
753600.0 13.11111111111111
754200.0 13.083333333333334
754800.0 13.090277777777779
755400.0 13.097222222222221
756000.0 13.104166666666666
756600.0 13.055555555555555
757200.0 13.006944444444445
757800.0 12.958333333333334
758400.0 12.979166666666668
759000.0 13.0
759600.0 13.020833333333334
760200.0 12.98611111111111
760800.0 12.95138888888889
761400.0 12.916666666666666
762000.0 12.88888888888889
762600.0 12.86111111111111
763200.0 12.833333333333334
763800.0 12.86111111111111
764400.0 12.88888888888889
765000.0 12.916666666666666
765600.0 12.993055555555555
766200.0 13.069444444444445
766800.0 13.145833333333334
767400.0 13.215277777777779
768000.0 13.284722222222221
768600.0 13.354166666666666
769200.0 13.291666666666666
769800.0 13.229166666666666
770400.0 13.166666666666666
771000.0 13.20138888888889
771600.0 13.23611111111111
772200.0 13.270833333333334
772800.0 13.36111111111111
773400.0 13.45138888888889
774000.0 13.541666666666666
774600.0 13.555555555555555
775200.0 13.569444444444445
775800.0 13.583333333333334
776400.0 13.666666666666668
777000.0 13.75
777600.0 13.833333333333334
778200.0 13.847222222222223
778800.0 13.86111111111111
779400.0 13.875
780000.0 13.819444444444445
780600.0 13.76388888888889
781200.0 13.708333333333334
781800.0 13.666666666666668
782400.0 13.625
783000.0 13.583333333333334
783600.0 13.527777777777779
784200.0 13.472222222222221
784800.0 13.416666666666666
785400.0 13.375
786000.0 13.333333333333332
786600.0 13.291666666666666
787200.0 13.284722222222221
787800.0 13.277777777777779
788400.0 13.270833333333334
789000.0 13.243055555555555
789600.0 13.215277777777779
790200.0 13.1875
790800.0 13.13888888888889
791400.0 13.090277777777777
792000.0 13.041666666666666
792600.0 13.034722222222221
793200.0 13.027777777777779
793800.0 13.020833333333334
794400.0 12.944444444444445
795000.0 12.868055555555555
795600.0 12.791666666666666
796200.0 12.722222222222221
796800.0 12.652777777777779
797400.0 12.583333333333334
798000.0 12.604166666666668
798600.0 12.625
799200.0 12.645833333333334
799800.0 12.743055555555555
800400.0 12.840277777777779
801000.0 12.9375
801600.0 13.01388888888889
802200.0 13.090277777777777
802800.0 13.166666666666666
803400.0 13.256944444444445
804000.0 13.347222222222221
804600.0 13.4375
805200.0 13.5
805800.0 13.5625
806400.0 13.625
807000.0 13.819444444444445
807600.0 14.01388888888889
808200.0 14.208333333333334
808800.0 14.23611111111111
809400.0 14.26388888888889
810000.0 14.291666666666666
810600.0 14.493055555555555
811200.0 14.694444444444445
811800.0 14.895833333333334
812400.0 14.958333333333334
813000.0 15.020833333333334
813600.0 15.083333333333334
814200.0 15.409722222222223
814800.0 15.73611111111111
815400.0 16.0625
816000.0 16.32638888888889
816600.0 16.59027777777778
817200.0 16.854166666666668
817800.0 16.631944444444446
818400.0 16.40972222222222
819000.0 16.1875
819600.0 16.36111111111111
820200.0 16.53472222222222
820800.0 16.708333333333332
821400.0 16.75
822000.0 16.791666666666664
822600.0 16.833333333333332
823200.0 16.979166666666664
823800.0 17.125
824400.0 17.270833333333332
825000.0 17.36111111111111
825600.0 17.45138888888889
826200.0 17.541666666666668
826800.0 17.53472222222222
827400.0 17.52777777777778
828000.0 17.520833333333332
828600.0 17.63888888888889
829200.0 17.756944444444443
829800.0 17.875
830400.0 17.555555555555557
831000.0 17.23611111111111
831600.0 16.916666666666668
832200.0 16.694444444444446
832800.0 16.47222222222222
833400.0 16.25
834000.0 16.07638888888889
834600.0 15.902777777777777
835200.0 15.729166666666666
835800.0 15.590277777777777
836400.0 15.45138888888889
837000.0 15.3125
837600.0 15.1875
838200.0 15.0625
838800.0 14.9375
839400.0 14.8125
840000.0 14.6875
840600.0 14.5625
841200.0 14.45138888888889
841800.0 14.340277777777777
842400.0 14.229166666666666
843000.0 14.104166666666666
843600.0 13.979166666666666
844200.0 13.854166666666666
844800.0 13.770833333333332
845400.0 13.6875
846000.0 13.604166666666666
846600.0 13.555555555555555
847200.0 13.506944444444445
847800.0 13.458333333333334
848400.0 13.354166666666668
849000.0 13.25
849600.0 13.145833333333334
850200.0 13.097222222222223
850800.0 13.04861111111111
851400.0 13.0
852000.0 12.909722222222221
852600.0 12.819444444444445
853200.0 12.729166666666666
853800.0 12.722222222222221
854400.0 12.715277777777779
855000.0 12.708333333333334
855600.0 12.645833333333334
856200.0 12.583333333333334
856800.0 12.520833333333334
857400.0 12.479166666666668
858000.0 12.4375
858600.0 12.395833333333334
859200.0 12.416666666666668
859800.0 12.4375
860400.0 12.458333333333334
861000.0 12.416666666666668
861600.0 12.375
862200.0 12.333333333333334
862800.0 12.381944444444445
863400.0 12.430555555555555
864000.0 12.479166666666666
864600.0 12.444444444444445
865200.0 12.409722222222221
865800.0 12.375
866400.0 12.333333333333334
867000.0 12.291666666666666
867600.0 12.25
868200.0 12.145833333333334
868800.0 12.041666666666666
869400.0 11.9375
870000.0 11.895833333333334
870600.0 11.854166666666666
871200.0 11.8125
871800.0 11.791666666666666
872400.0 11.770833333333334
873000.0 11.75
873600.0 11.76388888888889
874200.0 11.777777777777777
874800.0 11.791666666666666
875400.0 11.708333333333332
876000.0 11.625
876600.0 11.541666666666666
877200.0 11.51388888888889
877800.0 11.48611111111111
878400.0 11.458333333333334
879000.0 11.347222222222223
879600.0 11.23611111111111
880200.0 11.125
880800.0 11.125
881400.0 11.125
882000.0 11.125
882600.0 11.104166666666666
883200.0 11.083333333333334
883800.0 11.0625
884400.0 11.118055555555555
885000.0 11.17361111111111
885600.0 11.229166666666666
886200.0 11.38888888888889
886800.0 11.54861111111111
887400.0 11.708333333333334
888000.0 11.895833333333334
888600.0 12.083333333333334
889200.0 12.270833333333334
889800.0 12.555555555555555
890400.0 12.840277777777779
891000.0 13.125
891600.0 13.375
892200.0 13.625
892800.0 13.875
893400.0 14.32638888888889
894000.0 14.777777777777777
894600.0 15.229166666666666
895200.0 15.375
895800.0 15.520833333333332
896400.0 15.666666666666666
897000.0 16.104166666666668
897600.0 16.541666666666668
898200.0 16.979166666666668
898800.0 17.083333333333336
899400.0 17.1875
900000.0 17.291666666666668
900600.0 17.53472222222222
901200.0 17.77777777777778
901800.0 18.020833333333332
902400.0 18.22222222222222
903000.0 18.42361111111111
903600.0 18.625
904200.0 18.75
904800.0 18.875
905400.0 19.0
906000.0 19.229166666666668
906600.0 19.458333333333332
907200.0 19.6875
907800.0 19.86111111111111
908400.0 20.03472222222222
909000.0 20.208333333333332
909600.0 20.256944444444443
910200.0 20.305555555555557
910800.0 20.354166666666668
911400.0 20.3125
912000.0 20.270833333333336
912600.0 20.229166666666668
913200.0 20.20138888888889
913800.0 20.17361111111111
914400.0 20.145833333333332
915000.0 19.76388888888889
915600.0 19.381944444444443
916200.0 19.0
916800.0 19.104166666666668
917400.0 19.208333333333332
918000.0 19.3125
918600.0 19.333333333333332
919200.0 19.354166666666668
919800.0 19.375
920400.0 19.354166666666668
921000.0 19.333333333333332
921600.0 19.3125
922200.0 19.15277777777778
922800.0 18.993055555555554
923400.0 18.833333333333332
924000.0 18.618055555555554
924600.0 18.40277777777778
925200.0 18.1875
925800.0 17.618055555555557
926400.0 17.04861111111111
927000.0 16.479166666666668
927600.0 16.22222222222222
928200.0 15.965277777777779
928800.0 15.708333333333334
929400.0 15.54861111111111
930000.0 15.38888888888889
930600.0 15.229166666666666
931200.0 15.118055555555555
931800.0 15.006944444444445
932400.0 14.895833333333334
933000.0 14.67361111111111
933600.0 14.45138888888889
934200.0 14.229166666666666
934800.0 14.145833333333332
935400.0 14.0625
936000.0 13.979166666666666
936600.0 13.98611111111111
937200.0 13.993055555555555
937800.0 14.0
938400.0 14.006944444444445
939000.0 14.01388888888889
939600.0 14.020833333333334
940200.0 13.9375
940800.0 13.854166666666668
941400.0 13.770833333333334
942000.0 13.618055555555555
942600.0 13.465277777777779
943200.0 13.3125
943800.0 13.180555555555555
944400.0 13.04861111111111
945000.0 12.916666666666666
945600.0 12.791666666666666
946200.0 12.666666666666666
946800.0 12.541666666666666
947400.0 12.583333333333332
948000.0 12.625
948600.0 12.666666666666666
949200.0 12.54861111111111
949800.0 12.430555555555555
950400.0 12.3125
951000.0 12.29861111111111
951600.0 12.284722222222223
952200.0 12.270833333333334
952800.0 12.208333333333334
953400.0 12.145833333333334
954000.0 12.083333333333334
954600.0 11.993055555555555
955200.0 11.902777777777779
955800.0 11.8125
956400.0 11.722222222222221
957000.0 11.631944444444445
957600.0 11.541666666666666
958200.0 11.506944444444445
958800.0 11.472222222222221
959400.0 11.4375
960000.0 11.416666666666666
960600.0 11.395833333333334
961200.0 11.375
961800.0 11.354166666666666
962400.0 11.333333333333334
963000.0 11.3125
963600.0 11.1875
964200.0 11.0625
964800.0 10.9375
965400.0 10.895833333333334
966000.0 10.854166666666666
966600.0 10.8125
967200.0 10.652777777777779
967800.0 10.493055555555555
968400.0 10.333333333333334
969000.0 10.402777777777779
969600.0 10.472222222222221
970200.0 10.541666666666666
970800.0 10.583333333333332
971400.0 10.625
972000.0 10.666666666666666
972600.0 10.86111111111111
973200.0 11.055555555555555
973800.0 11.25
974400.0 11.694444444444445
975000.0 12.13888888888889
975600.0 12.583333333333334
976200.0 12.902777777777779
976800.0 13.222222222222221
977400.0 13.541666666666666
978000.0 13.958333333333332
978600.0 14.375
979200.0 14.791666666666666
979800.0 14.98611111111111
980400.0 15.180555555555555
981000.0 15.375
981600.0 15.458333333333334
982200.0 15.541666666666666
982800.0 15.625
983400.0 15.51388888888889
984000.0 15.402777777777777
984600.0 15.291666666666666
985200.0 15.493055555555555
985800.0 15.694444444444445
986400.0 15.895833333333334
987000.0 16.166666666666668
987600.0 16.4375
988200.0 16.708333333333332
988800.0 16.67361111111111
989400.0 16.63888888888889
990000.0 16.604166666666668
990600.0 16.993055555555557
991200.0 17.381944444444443
991800.0 17.770833333333332
992400.0 17.97222222222222
993000.0 18.17361111111111
993600.0 18.375
994200.0 18.368055555555557
994800.0 18.36111111111111
995400.0 18.354166666666668
996000.0 18.493055555555557
996600.0 18.631944444444443
997200.0 18.770833333333332
997800.0 18.65277777777778
998400.0 18.53472222222222
999000.0 18.416666666666668
999600.0 18.430555555555557
1000200.0 18.444444444444443
1000800.0 18.458333333333332
1001400.0 18.42361111111111
1002000.0 18.38888888888889
1002600.0 18.354166666666668
1003200.0 18.3125
1003800.0 18.270833333333336
1004400.0 18.229166666666668
1005000.0 18.07638888888889
1005600.0 17.92361111111111
1006200.0 17.770833333333332
1006800.0 17.63888888888889
1007400.0 17.506944444444443
1008000.0 17.375
1008600.0 17.15277777777778
1009200.0 16.930555555555554
1009800.0 16.708333333333332
1010400.0 16.520833333333332
1011000.0 16.333333333333332
1011600.0 16.145833333333332
1012200.0 15.965277777777777
1012800.0 15.784722222222221
1013400.0 15.604166666666666
1014000.0 15.444444444444445
1014600.0 15.284722222222221
1015200.0 15.125
1015800.0 15.01388888888889
1016400.0 14.902777777777777
1017000.0 14.791666666666666
1017600.0 14.631944444444445
1018200.0 14.472222222222221
1018800.0 14.3125
1019400.0 14.180555555555555
1020000.0 14.04861111111111
1020600.0 13.916666666666666
1021200.0 13.770833333333332
1021800.0 13.625
1022400.0 13.479166666666666
1023000.0 13.305555555555555
1023600.0 13.131944444444445
1024200.0 12.958333333333334
1024800.0 12.770833333333334
1025400.0 12.583333333333334
1026000.0 12.395833333333334
1026600.0 12.284722222222223
1027200.0 12.17361111111111
1027800.0 12.0625
1028400.0 11.868055555555555
1029000.0 11.67361111111111
1029600.0 11.479166666666666
1030200.0 11.45138888888889
1030800.0 11.42361111111111
1031400.0 11.395833333333334
1032000.0 11.26388888888889
1032600.0 11.131944444444445
1033200.0 11.0
1033800.0 10.92361111111111
1034400.0 10.847222222222223
1035000.0 10.770833333333334
1035600.0 10.694444444444445
1036200.0 10.618055555555555
1036800.0 10.541666666666666
1037400.0 10.534722222222221
1038000.0 10.527777777777779
1038600.0 10.520833333333334
1039200.0 10.479166666666668
1039800.0 10.4375
1040400.0 10.395833333333334
1041000.0 10.354166666666668
1041600.0 10.3125
1042200.0 10.270833333333334
1042800.0 10.1875
1043400.0 10.104166666666668
1044000.0 10.020833333333334
1044600.0 9.965277777777779
1045200.0 9.909722222222221
1045800.0 9.854166666666666
1046400.0 9.805555555555555
1047000.0 9.756944444444445
1047600.0 9.708333333333334
1048200.0 9.618055555555555
1048800.0 9.527777777777779
1049400.0 9.4375
1050000.0 9.409722222222221
1050600.0 9.381944444444445
1051200.0 9.354166666666666
1051800.0 9.277777777777777
1052400.0 9.20138888888889
1053000.0 9.125
1053600.0 9.118055555555555
1054200.0 9.11111111111111
1054800.0 9.104166666666666
1055400.0 9.041666666666666
1056000.0 8.979166666666666
1056600.0 8.916666666666666
1057200.0 9.041666666666666
1057800.0 9.166666666666666
1058400.0 9.291666666666666
1059000.0 9.5
1059600.0 9.708333333333332
1060200.0 9.916666666666666
1060800.0 10.131944444444445
1061400.0 10.347222222222221
1062000.0 10.5625
1062600.0 10.833333333333334
1063200.0 11.104166666666666
1063800.0 11.375
1064400.0 11.659722222222221
1065000.0 11.944444444444445
1065600.0 12.229166666666666
1066200.0 12.76388888888889
1066800.0 13.29861111111111
1067400.0 13.833333333333334
1068000.0 14.159722222222223
1068600.0 14.48611111111111
1069200.0 14.8125
1069800.0 15.055555555555555
1070400.0 15.29861111111111
1071000.0 15.541666666666666
1071600.0 15.819444444444445
1072200.0 16.09722222222222
1072800.0 16.375
1073400.0 16.569444444444443
1074000.0 16.76388888888889
1074600.0 16.958333333333332
1075200.0 17.104166666666664
1075800.0 17.25
1076400.0 17.395833333333332
1077000.0 17.59027777777778
1077600.0 17.78472222222222
1078200.0 17.979166666666668
1078800.0 18.069444444444446
1079400.0 18.15972222222222
1080000.0 18.25
1080600.0 18.055555555555557
1081200.0 17.86111111111111
1081800.0 17.666666666666668
1082400.0 17.8125
1083000.0 17.958333333333336
1083600.0 18.104166666666668
1084200.0 18.03472222222222
1084800.0 17.96527777777778
1085400.0 17.895833333333332
1086000.0 17.92361111111111
1086600.0 17.95138888888889
1087200.0 17.979166666666668
1087800.0 17.979166666666668
1088400.0 17.979166666666668
1089000.0 17.979166666666668
1089600.0 18.07638888888889
1090200.0 18.17361111111111
1090800.0 18.270833333333332
1091400.0 17.90277777777778
1092000.0 17.53472222222222
1092600.0 17.166666666666668
1093200.0 16.819444444444446
1093800.0 16.47222222222222
1094400.0 16.125
1095000.0 15.82638888888889
1095600.0 15.527777777777777
1096200.0 15.229166666666666
1096800.0 15.04861111111111
1097400.0 14.868055555555555
1098000.0 14.6875
1098600.0 14.493055555555555
1099200.0 14.29861111111111
1099800.0 14.104166666666666
1100400.0 14.055555555555555
1101000.0 14.006944444444445
1101600.0 13.958333333333334
1102200.0 13.791666666666668
1102800.0 13.625
1103400.0 13.458333333333334
1104000.0 13.368055555555555
1104600.0 13.277777777777779
1105200.0 13.1875
1105800.0 13.131944444444445
1106400.0 13.07638888888889
1107000.0 13.020833333333334
1107600.0 12.895833333333334
1108200.0 12.770833333333334
1108800.0 12.645833333333334
1109400.0 12.618055555555555
1110000.0 12.590277777777779
1110600.0 12.5625
1111200.0 12.51388888888889
1111800.0 12.465277777777777
1112400.0 12.416666666666666
1113000.0 12.159722222222221
1113600.0 11.902777777777779
1114200.0 11.645833333333334
1114800.0 11.5625
1115400.0 11.479166666666668
1116000.0 11.395833333333334
1116600.0 11.29861111111111
1117200.0 11.20138888888889
1117800.0 11.104166666666666
1118400.0 11.041666666666666
1119000.0 10.979166666666666
1119600.0 10.916666666666666
1120200.0 10.86111111111111
1120800.0 10.805555555555555
1121400.0 10.75
1122000.0 10.729166666666666
1122600.0 10.708333333333334
1123200.0 10.6875
1123800.0 10.583333333333334
1124400.0 10.479166666666666
1125000.0 10.375
1125600.0 10.375
1126200.0 10.375
1126800.0 10.375
1127400.0 10.26388888888889
1128000.0 10.152777777777777
1128600.0 10.041666666666666
1129200.0 10.07638888888889
1129800.0 10.11111111111111
1130400.0 10.145833333333334
1131000.0 10.083333333333334
1131600.0 10.020833333333334
1132200.0 9.958333333333334
1132800.0 9.833333333333334
1133400.0 9.708333333333334
1134000.0 9.583333333333334
1134600.0 9.569444444444445
1135200.0 9.555555555555555
1135800.0 9.541666666666666
1136400.0 9.506944444444445
1137000.0 9.472222222222221
1137600.0 9.4375
1138200.0 9.368055555555555
1138800.0 9.29861111111111
1139400.0 9.229166666666666
1140000.0 9.256944444444445
1140600.0 9.284722222222221
1141200.0 9.3125
1141800.0 9.256944444444445
1142400.0 9.20138888888889
1143000.0 9.145833333333334
1143600.0 9.256944444444445
1144200.0 9.368055555555555
1144800.0 9.479166666666666
1145400.0 9.631944444444445
1146000.0 9.784722222222221
1146600.0 9.9375
1147200.0 10.07638888888889
1147800.0 10.215277777777777
1148400.0 10.354166666666666
1149000.0 10.57638888888889
1149600.0 10.79861111111111
1150200.0 11.020833333333334
1150800.0 11.340277777777779
1151400.0 11.659722222222221
1152000.0 11.979166666666666
1152600.0 12.375
1153200.0 12.770833333333332
1153800.0 13.166666666666666
1154400.0 13.666666666666666
1155000.0 14.166666666666666
1155600.0 14.666666666666666
1156200.0 14.909722222222221
1156800.0 15.152777777777779
1157400.0 15.395833333333334
1158000.0 15.631944444444445
1158600.0 15.868055555555557
1159200.0 16.104166666666668
1159800.0 16.416666666666668
1160400.0 16.729166666666668
1161000.0 17.041666666666668
1161600.0 17.333333333333336
1162200.0 17.625
1162800.0 17.916666666666668
1163400.0 18.006944444444446
1164000.0 18.09722222222222
1164600.0 18.1875
1165200.0 18.270833333333332
1165800.0 18.354166666666668
1166400.0 18.4375
1167000.0 18.54861111111111
1167600.0 18.65972222222222
1168200.0 18.770833333333332
1168800.0 18.854166666666664
1169400.0 18.9375
1170000.0 19.020833333333332
1170600.0 19.020833333333332
1171200.0 19.020833333333332
1171800.0 19.020833333333332
1172400.0 19.020833333333332
1173000.0 19.020833333333332
1173600.0 19.020833333333332
1174200.0 19.0625
1174800.0 19.104166666666664
1175400.0 19.145833333333332
1176000.0 19.01388888888889
1176600.0 18.881944444444443
1177200.0 18.75
1177800.0 18.645833333333332
1178400.0 18.541666666666668
1179000.0 18.4375
1179600.0 18.26388888888889
1180200.0 18.09027777777778
1180800.0 17.916666666666668
1181400.0 17.416666666666668
1182000.0 16.916666666666668
1182600.0 16.416666666666668
1183200.0 16.145833333333336
1183800.0 15.875
1184400.0 15.604166666666666
1185000.0 15.395833333333332
1185600.0 15.1875
1186200.0 14.979166666666666
1186800.0 14.847222222222221
1187400.0 14.715277777777779
1188000.0 14.583333333333334
1188600.0 14.333333333333334
1189200.0 14.083333333333334
1189800.0 13.833333333333334
1190400.0 13.73611111111111
1191000.0 13.63888888888889
1191600.0 13.541666666666666
1192200.0 13.465277777777777
1192800.0 13.38888888888889
1193400.0 13.3125
1194000.0 13.229166666666666
1194600.0 13.145833333333334
1195200.0 13.0625
1195800.0 12.847222222222221
1196400.0 12.631944444444445
1197000.0 12.416666666666666
1197600.0 12.229166666666666
1198200.0 12.041666666666666
1198800.0 11.854166666666666
1199400.0 11.6875
1200000.0 11.520833333333332
1200600.0 11.354166666666666
1201200.0 11.368055555555555
1201800.0 11.381944444444445
1202400.0 11.395833333333334
1203000.0 11.319444444444445
1203600.0 11.243055555555555
1204200.0 11.166666666666666
1204800.0 11.090277777777777
1205400.0 11.01388888888889
1206000.0 10.9375
1206600.0 10.930555555555555
1207200.0 10.92361111111111
1207800.0 10.916666666666666
1208400.0 10.833333333333332
1209000.0 10.75
1209600.0 10.666666666666666
1210200.0 10.631944444444445
1210800.0 10.597222222222221
1211400.0 10.5625
1212000.0 10.472222222222221
1212600.0 10.381944444444445
1213200.0 10.291666666666666
1213800.0 10.208333333333332
1214400.0 10.125
1215000.0 10.041666666666666
1215600.0 9.958333333333332
1216200.0 9.875
1216800.0 9.791666666666666
1217400.0 9.694444444444445
1218000.0 9.597222222222221
1218600.0 9.5
1219200.0 9.5
1219800.0 9.5
1220400.0 9.5
1221000.0 9.409722222222221
1221600.0 9.319444444444445
1222200.0 9.229166666666666
1222800.0 9.159722222222221
1223400.0 9.090277777777779
1224000.0 9.020833333333334
1224600.0 8.895833333333334
1225200.0 8.770833333333334
1225800.0 8.645833333333334
1226400.0 8.625
1227000.0 8.604166666666668
1227600.0 8.583333333333334
1228200.0 8.48611111111111
1228800.0 8.38888888888889
1229400.0 8.291666666666666
1230000.0 8.416666666666666
1230600.0 8.541666666666666
1231200.0 8.666666666666666
1231800.0 8.791666666666666
1232400.0 8.916666666666666
1233000.0 9.041666666666666
1233600.0 9.277777777777777
1234200.0 9.51388888888889
1234800.0 9.75
1235400.0 10.083333333333334
1236000.0 10.416666666666666
1236600.0 10.75
1237200.0 11.104166666666666
1237800.0 11.458333333333334
1238400.0 11.8125
1239000.0 12.083333333333334
1239600.0 12.354166666666666
1240200.0 12.625
1240800.0 12.86111111111111
1241400.0 13.097222222222223
1242000.0 13.333333333333334
1242600.0 13.652777777777779
1243200.0 13.972222222222221
1243800.0 14.291666666666666
1244400.0 14.57638888888889
1245000.0 14.86111111111111
1245600.0 15.145833333333334
1246200.0 15.51388888888889
1246800.0 15.881944444444445
1247400.0 16.25
1248000.0 16.479166666666668
1248600.0 16.708333333333332
1249200.0 16.9375
1249800.0 17.131944444444443
1250400.0 17.32638888888889
1251000.0 17.520833333333332
1251600.0 17.63888888888889
1252200.0 17.756944444444443
1252800.0 17.875
1253400.0 17.916666666666668
1254000.0 17.958333333333332
1254600.0 18.0
1255200.0 18.166666666666668
1255800.0 18.333333333333332
1256400.0 18.5
1257000.0 18.38888888888889
1257600.0 18.27777777777778
1258200.0 18.166666666666668
1258800.0 18.180555555555557
1259400.0 18.194444444444443
1260000.0 18.208333333333332
1260600.0 18.15277777777778
1261200.0 18.09722222222222
1261800.0 18.041666666666668
1262400.0 18.006944444444446
1263000.0 17.97222222222222
1263600.0 17.9375
1264200.0 17.645833333333332
1264800.0 17.354166666666668
1265400.0 17.0625
1266000.0 16.875
1266600.0 16.6875
1267200.0 16.5
1267800.0 16.25
1268400.0 16.0
1269000.0 15.75
1269600.0 15.472222222222221
1270200.0 15.194444444444445
1270800.0 14.916666666666666
1271400.0 14.708333333333332
1272000.0 14.5
1272600.0 14.291666666666666
1273200.0 14.17361111111111
1273800.0 14.055555555555555
1274400.0 13.9375
1275000.0 13.8125
1275600.0 13.6875
1276200.0 13.5625
1276800.0 13.444444444444445
1277400.0 13.32638888888889
1278000.0 13.208333333333334
1278600.0 13.083333333333334
1279200.0 12.958333333333334
1279800.0 12.833333333333334
1280400.0 12.743055555555555
1281000.0 12.652777777777779
1281600.0 12.5625
1282200.0 12.4375
1282800.0 12.3125
1283400.0 12.1875
1284000.0 12.131944444444445
1284600.0 12.07638888888889
1285200.0 12.020833333333334
1285800.0 11.930555555555555
1286400.0 11.840277777777779
1287000.0 11.75
1287600.0 11.618055555555555
1288200.0 11.48611111111111
1288800.0 11.354166666666666
1289400.0 11.243055555555555
1290000.0 11.131944444444445
1290600.0 11.020833333333334
1291200.0 10.98611111111111
1291800.0 10.95138888888889
1292400.0 10.916666666666666
1293000.0 10.840277777777777
1293600.0 10.76388888888889
1294200.0 10.6875
1294800.0 10.61111111111111
1295400.0 10.534722222222223
1296000.0 10.458333333333334
1296600.0 10.48611111111111
1297200.0 10.51388888888889
1297800.0 10.541666666666666
1298400.0 10.4375
1299000.0 10.333333333333332
1299600.0 10.229166666666666
1300200.0 10.215277777777777
1300800.0 10.20138888888889
1301400.0 10.1875
1302000.0 10.194444444444445
1302600.0 10.20138888888889
1303200.0 10.208333333333334
1303800.0 10.23611111111111
1304400.0 10.26388888888889
1305000.0 10.291666666666666
1305600.0 10.333333333333332
1306200.0 10.375
1306800.0 10.416666666666666
1307400.0 10.347222222222221
1308000.0 10.277777777777779
1308600.0 10.208333333333334
1309200.0 10.118055555555555
1309800.0 10.027777777777779
1310400.0 9.9375
1311000.0 9.958333333333334
1311600.0 9.979166666666666
1312200.0 10.0
1312800.0 9.902777777777779
1313400.0 9.805555555555555
1314000.0 9.708333333333334
1314600.0 9.680555555555555
1315200.0 9.652777777777779
1315800.0 9.625
1316400.0 9.652777777777779
1317000.0 9.680555555555555
1317600.0 9.708333333333334
1318200.0 9.770833333333334
1318800.0 9.833333333333334
1319400.0 9.895833333333334
1320000.0 10.194444444444445
1320600.0 10.493055555555555
1321200.0 10.791666666666666
1321800.0 11.01388888888889
1322400.0 11.23611111111111
1323000.0 11.458333333333334
1323600.0 11.79861111111111
1324200.0 12.13888888888889
1324800.0 12.479166666666666
1325400.0 12.805555555555555
1326000.0 13.131944444444445
1326600.0 13.458333333333334
1327200.0 13.86111111111111
1327800.0 14.26388888888889
1328400.0 14.666666666666666
1329000.0 15.006944444444445
1329600.0 15.347222222222221
1330200.0 15.6875
1330800.0 16.0
1331400.0 16.3125
1332000.0 16.625
1332600.0 16.95138888888889
1333200.0 17.27777777777778
1333800.0 17.604166666666668
1334400.0 17.84722222222222
1335000.0 18.09027777777778
1335600.0 18.333333333333332
1336200.0 18.395833333333332
1336800.0 18.458333333333332
1337400.0 18.520833333333332
1338000.0 18.583333333333332
1338600.0 18.645833333333332
1339200.0 18.708333333333332
1339800.0 18.84027777777778
1340400.0 18.97222222222222
1341000.0 19.104166666666668
1341600.0 19.194444444444446
1342200.0 19.28472222222222
1342800.0 19.375
1343400.0 19.38888888888889
1344000.0 19.40277777777778
1344600.0 19.416666666666668
1345200.0 19.458333333333336
1345800.0 19.5
1346400.0 19.541666666666668
1347000.0 19.416666666666668
1347600.0 19.291666666666668
1348200.0 19.166666666666668
1348800.0 19.0
1349400.0 18.833333333333336
1350000.0 18.666666666666668
1350600.0 18.5
1351200.0 18.333333333333336
1351800.0 18.166666666666668
1352400.0 18.069444444444446
1353000.0 17.97222222222222
1353600.0 17.875
1354200.0 17.631944444444443
1354800.0 17.38888888888889
1355400.0 17.145833333333332
1356000.0 16.86111111111111
1356600.0 16.57638888888889
1357200.0 16.291666666666668
1357800.0 16.104166666666668
1358400.0 15.916666666666666
1359000.0 15.729166666666666
1359600.0 15.57638888888889
1360200.0 15.42361111111111
1360800.0 15.270833333333334
1361400.0 15.069444444444445
1362000.0 14.868055555555555
1362600.0 14.666666666666666
1363200.0 14.5625
1363800.0 14.458333333333332
1364400.0 14.354166666666666
1365000.0 14.305555555555555
1365600.0 14.256944444444445
1366200.0 14.208333333333334
1366800.0 14.159722222222223
1367400.0 14.11111111111111
1368000.0 14.0625
1368600.0 13.930555555555555
1369200.0 13.79861111111111
1369800.0 13.666666666666666
1370400.0 13.520833333333332
1371000.0 13.375
1371600.0 13.229166666666666
1372200.0 13.090277777777777
1372800.0 12.95138888888889
1373400.0 12.8125
1374000.0 12.76388888888889
1374600.0 12.715277777777777
1375200.0 12.666666666666666
1375800.0 12.590277777777777
1376400.0 12.51388888888889
1377000.0 12.4375
1377600.0 12.38888888888889
1378200.0 12.340277777777777
1378800.0 12.291666666666666
1379400.0 12.194444444444445
1380000.0 12.097222222222221
1380600.0 12.0
1381200.0 11.979166666666666
1381800.0 11.958333333333334
1382400.0 11.9375
1383000.0 11.791666666666666
1383600.0 11.645833333333334
1384200.0 11.5
1384800.0 11.25
1385400.0 11.0
1386000.0 10.75
1386600.0 10.76388888888889
1387200.0 10.777777777777777
1387800.0 10.791666666666666
1388400.0 10.833333333333332
1389000.0 10.875
1389600.0 10.916666666666666
1390200.0 10.868055555555555
1390800.0 10.819444444444445
1391400.0 10.770833333333334
1392000.0 10.75
1392600.0 10.729166666666668
1393200.0 10.708333333333334
1393800.0 10.583333333333334
1394400.0 10.458333333333334
1395000.0 10.333333333333334
1395600.0 10.305555555555555
1396200.0 10.277777777777779
1396800.0 10.25
1397400.0 10.291666666666666
1398000.0 10.333333333333334
1398600.0 10.375
1399200.0 10.5
1399800.0 10.625
1400400.0 10.75
1401000.0 10.88888888888889
1401600.0 11.027777777777777
1402200.0 11.166666666666666
1402800.0 11.284722222222221
1403400.0 11.402777777777779
1404000.0 11.520833333333334
1404600.0 11.54861111111111
1405200.0 11.57638888888889
1405800.0 11.604166666666666
1406400.0 11.597222222222221
1407000.0 11.590277777777779
1407600.0 11.583333333333334
1408200.0 11.708333333333334
1408800.0 11.833333333333334
1409400.0 11.958333333333334
1410000.0 12.118055555555555
1410600.0 12.277777777777779
1411200.0 12.4375
1411800.0 12.534722222222221
1412400.0 12.631944444444445
1413000.0 12.729166666666666
1413600.0 12.79861111111111
1414200.0 12.868055555555555
1414800.0 12.9375
1415400.0 13.034722222222221
1416000.0 13.131944444444445
1416600.0 13.229166666666666
1417200.0 13.25
1417800.0 13.270833333333332
1418400.0 13.291666666666666
1419000.0 13.340277777777777
1419600.0 13.38888888888889
1420200.0 13.4375
1420800.0 13.527777777777779
1421400.0 13.618055555555555
1422000.0 13.708333333333334
1422600.0 13.840277777777779
1423200.0 13.972222222222221
1423800.0 14.104166666666666
1424400.0 14.027777777777777
1425000.0 13.95138888888889
1425600.0 13.875
1426200.0 13.972222222222221
1426800.0 14.069444444444445
1427400.0 14.166666666666666
1428000.0 14.055555555555555
1428600.0 13.944444444444445
1429200.0 13.833333333333334
1429800.0 13.777777777777779
1430400.0 13.722222222222221
1431000.0 13.666666666666666
1431600.0 13.777777777777777
1432200.0 13.88888888888889
1432800.0 14.0
1433400.0 14.118055555555555
1434000.0 14.23611111111111
1434600.0 14.354166666666666
1435200.0 14.26388888888889
1435800.0 14.17361111111111
1436400.0 14.083333333333334
1437000.0 14.11111111111111
1437600.0 14.13888888888889
1438200.0 14.166666666666666
1438800.0 14.11111111111111
1439400.0 14.055555555555555
1440000.0 14.0
1440600.0 13.88888888888889
1441200.0 13.777777777777777
1441800.0 13.666666666666666
1442400.0 13.51388888888889
1443000.0 13.36111111111111
1443600.0 13.208333333333334
1444200.0 13.159722222222223
1444800.0 13.11111111111111
1445400.0 13.0625
1446000.0 12.895833333333334
1446600.0 12.729166666666666
1447200.0 12.5625
1447800.0 12.340277777777779
1448400.0 12.118055555555555
1449000.0 11.895833333333334
1449600.0 11.756944444444445
1450200.0 11.618055555555555
1450800.0 11.479166666666666
1451400.0 11.347222222222221
1452000.0 11.215277777777779
1452600.0 11.083333333333334
1453200.0 11.083333333333334
1453800.0 11.083333333333334
1454400.0 11.083333333333334
1455000.0 11.340277777777779
1455600.0 11.597222222222221
1456200.0 11.854166666666666
1456800.0 11.715277777777777
1457400.0 11.57638888888889
1458000.0 11.4375
1458600.0 11.36111111111111
1459200.0 11.284722222222223
1459800.0 11.208333333333334
1460400.0 10.98611111111111
1461000.0 10.76388888888889
1461600.0 10.541666666666666
1462200.0 10.402777777777777
1462800.0 10.26388888888889
1463400.0 10.125
1464000.0 10.402777777777779
1464600.0 10.680555555555555
1465200.0 10.958333333333334
1465800.0 11.07638888888889
1466400.0 11.194444444444445
1467000.0 11.3125
1467600.0 11.444444444444445
1468200.0 11.57638888888889
1468800.0 11.708333333333334
1469400.0 11.708333333333334
1470000.0 11.708333333333334
1470600.0 11.708333333333334
1471200.0 11.777777777777779
1471800.0 11.847222222222221
1472400.0 11.916666666666666
1473000.0 11.972222222222221
1473600.0 12.027777777777779
1474200.0 12.083333333333334
1474800.0 12.13888888888889
1475400.0 12.194444444444445
1476000.0 12.25
1476600.0 12.243055555555555
1477200.0 12.23611111111111
1477800.0 12.229166666666666
1478400.0 12.215277777777777
1479000.0 12.20138888888889
1479600.0 12.1875
1480200.0 12.20138888888889
1480800.0 12.215277777777777
1481400.0 12.229166666666666
1482000.0 12.215277777777777
1482600.0 12.20138888888889
1483200.0 12.1875
1483800.0 12.194444444444445
1484400.0 12.20138888888889
1485000.0 12.208333333333334
1485600.0 12.131944444444445
1486200.0 12.055555555555555
1486800.0 11.979166666666666
1487400.0 11.8125
1488000.0 11.645833333333332
1488600.0 11.479166666666666
1489200.0 11.555555555555555
1489800.0 11.631944444444445
1490400.0 11.708333333333334
1491000.0 11.805555555555555
1491600.0 11.902777777777779
1492200.0 12.0
1492800.0 12.159722222222221
1493400.0 12.319444444444445
1494000.0 12.479166666666666
1494600.0 12.666666666666666
1495200.0 12.854166666666666
1495800.0 13.041666666666666
1496400.0 13.166666666666666
1497000.0 13.291666666666666
1497600.0 13.416666666666666
1498200.0 13.583333333333332
1498800.0 13.75
1499400.0 13.916666666666666
1500000.0 14.118055555555555
1500600.0 14.319444444444445
1501200.0 14.520833333333334
1501800.0 14.61111111111111
1502400.0 14.70138888888889
1503000.0 14.791666666666666
1503600.0 15.041666666666666
1504200.0 15.291666666666666
1504800.0 15.541666666666666
1505400.0 15.73611111111111
1506000.0 15.930555555555555
1506600.0 16.125
1507200.0 16.208333333333332
1507800.0 16.291666666666668
1508400.0 16.375
1509000.0 16.444444444444443
1509600.0 16.51388888888889
1510200.0 16.583333333333332
1510800.0 16.770833333333332
1511400.0 16.958333333333332
1512000.0 17.145833333333332
1512600.0 17.145833333333332
1513200.0 17.145833333333332
1513800.0 17.145833333333332
1514400.0 17.243055555555554
1515000.0 17.34027777777778
1515600.0 17.4375
1516200.0 17.28472222222222
1516800.0 17.131944444444446
1517400.0 16.979166666666668
1518000.0 16.84722222222222
1518600.0 16.71527777777778
1519200.0 16.583333333333332
1519800.0 16.78472222222222
1520400.0 16.98611111111111
1521000.0 17.1875
1521600.0 17.02777777777778
1522200.0 16.868055555555554
1522800.0 16.708333333333332
1523400.0 16.645833333333332
1524000.0 16.583333333333332
1524600.0 16.520833333333332
1525200.0 16.3125
1525800.0 16.104166666666668
1526400.0 15.895833333333334
1527000.0 15.5
1527600.0 15.104166666666668
1528200.0 14.708333333333334
1528800.0 14.5
1529400.0 14.291666666666668
1530000.0 14.083333333333334
1530600.0 13.875
1531200.0 13.666666666666668
1531800.0 13.458333333333334
1532400.0 13.284722222222223
1533000.0 13.11111111111111
1533600.0 12.9375
1534200.0 12.86111111111111
1534800.0 12.784722222222223
1535400.0 12.708333333333334
1536000.0 12.666666666666668
1536600.0 12.625
1537200.0 12.583333333333334
1537800.0 12.51388888888889
1538400.0 12.444444444444445
1539000.0 12.375
1539600.0 12.277777777777779
1540200.0 12.180555555555555
1540800.0 12.083333333333334
1541400.0 11.916666666666668
1542000.0 11.75
1542600.0 11.583333333333334
1543200.0 11.479166666666668
1543800.0 11.375
1544400.0 11.270833333333334
1545000.0 11.1875
1545600.0 11.104166666666668
1546200.0 11.020833333333334
1546800.0 11.020833333333334
1547400.0 11.020833333333334
1548000.0 11.020833333333334
1548600.0 10.993055555555555
1549200.0 10.965277777777779
1549800.0 10.9375
1550400.0 10.979166666666666
1551000.0 11.020833333333334
1551600.0 11.0625
1552200.0 11.069444444444445
1552800.0 11.07638888888889
1553400.0 11.083333333333334
1554000.0 11.083333333333334
1554600.0 11.083333333333334
1555200.0 11.083333333333334
1555800.0 11.131944444444445
1556400.0 11.180555555555555
1557000.0 11.229166666666666
1557600.0 11.29861111111111
1558200.0 11.368055555555555
1558800.0 11.4375
1559400.0 11.51388888888889
1560000.0 11.590277777777777
1560600.0 11.666666666666666
1561200.0 11.680555555555555
1561800.0 11.694444444444445
1562400.0 11.708333333333334
1563000.0 11.666666666666668
1563600.0 11.625
1564200.0 11.583333333333334
1564800.0 11.541666666666668
1565400.0 11.5
1566000.0 11.458333333333334
1566600.0 11.458333333333334
1567200.0 11.458333333333334
1567800.0 11.458333333333334
1568400.0 11.42361111111111
1569000.0 11.38888888888889
1569600.0 11.354166666666666
1570200.0 11.32638888888889
1570800.0 11.29861111111111
1571400.0 11.270833333333334
1572000.0 11.25
1572600.0 11.229166666666668
1573200.0 11.208333333333334
1573800.0 11.215277777777779
1574400.0 11.222222222222221
1575000.0 11.229166666666666
1575600.0 11.270833333333332
1576200.0 11.3125
1576800.0 11.354166666666666
1577400.0 11.416666666666666
1578000.0 11.479166666666666
1578600.0 11.541666666666666
1579200.0 11.590277777777777
1579800.0 11.63888888888889
1580400.0 11.6875
1581000.0 11.76388888888889
1581600.0 11.840277777777777
1582200.0 11.916666666666666
1582800.0 11.965277777777777
1583400.0 12.01388888888889
1584000.0 12.0625
1584600.0 12.145833333333334
1585200.0 12.229166666666666
1585800.0 12.3125
1586400.0 12.381944444444445
1587000.0 12.45138888888889
1587600.0 12.520833333333334
1588200.0 12.631944444444445
1588800.0 12.743055555555555
1589400.0 12.854166666666666
1590000.0 13.006944444444445
1590600.0 13.159722222222221
1591200.0 13.3125
1591800.0 13.527777777777779
1592400.0 13.743055555555555
1593000.0 13.958333333333334
1593600.0 14.13888888888889
1594200.0 14.319444444444445
1594800.0 14.5
1595400.0 14.79861111111111
1596000.0 15.097222222222223
1596600.0 15.395833333333334
1597200.0 15.604166666666666
1597800.0 15.8125
1598400.0 16.020833333333332
1599000.0 16.104166666666664
1599600.0 16.1875
1600200.0 16.270833333333332
1600800.0 16.28472222222222
1601400.0 16.29861111111111
1602000.0 16.3125
1602600.0 16.333333333333332
1603200.0 16.354166666666668
1603800.0 16.375
1604400.0 16.47222222222222
1605000.0 16.569444444444446
1605600.0 16.666666666666668
1606200.0 16.694444444444446
1606800.0 16.72222222222222
1607400.0 16.75
1608000.0 16.729166666666668
1608600.0 16.708333333333332
1609200.0 16.6875
1609800.0 16.65277777777778
1610400.0 16.618055555555554
1611000.0 16.583333333333332
1611600.0 16.46527777777778
1612200.0 16.34722222222222
1612800.0 16.229166666666668
1613400.0 16.13888888888889
1614000.0 16.04861111111111
1614600.0 15.958333333333334
1615200.0 15.805555555555555
1615800.0 15.652777777777779
1616400.0 15.5
1617000.0 15.270833333333334
1617600.0 15.041666666666666
1618200.0 14.8125
1618800.0 14.6875
1619400.0 14.5625
1620000.0 14.4375
1620600.0 14.340277777777779
1621200.0 14.243055555555555
1621800.0 14.145833333333334
1622400.0 14.090277777777779
1623000.0 14.034722222222221
1623600.0 13.979166666666666
1624200.0 13.881944444444445
1624800.0 13.784722222222221
1625400.0 13.6875
1626000.0 13.618055555555555
1626600.0 13.54861111111111
1627200.0 13.479166666666666
1627800.0 13.458333333333332
1628400.0 13.4375
1629000.0 13.416666666666666
1629600.0 13.381944444444445
1630200.0 13.347222222222221
1630800.0 13.3125
1631400.0 13.319444444444445
1632000.0 13.32638888888889
1632600.0 13.333333333333334
1633200.0 13.3125
1633800.0 13.291666666666668
1634400.0 13.270833333333334
1635000.0 13.243055555555555
1635600.0 13.215277777777779
1636200.0 13.1875
1636800.0 13.152777777777779
1637400.0 13.118055555555555
1638000.0 13.083333333333334
1638600.0 13.083333333333334
1639200.0 13.083333333333334
1639800.0 13.083333333333334
1640400.0 13.04861111111111
1641000.0 13.01388888888889
1641600.0 12.979166666666666
1642200.0 13.006944444444445
1642800.0 13.034722222222221
1643400.0 13.0625
1644000.0 13.0625
1644600.0 13.0625
1645200.0 13.0625
1645800.0 13.020833333333334
1646400.0 12.979166666666666
1647000.0 12.9375
1647600.0 12.854166666666666
1648200.0 12.770833333333334
1648800.0 12.6875
1649400.0 12.715277777777779
1650000.0 12.743055555555555
1650600.0 12.770833333333334
1651200.0 12.743055555555555
1651800.0 12.715277777777779
1652400.0 12.6875
1653000.0 12.583333333333334
1653600.0 12.479166666666666
1654200.0 12.375
1654800.0 12.3125
1655400.0 12.25
1656000.0 12.1875
1656600.0 12.13888888888889
1657200.0 12.090277777777777
1657800.0 12.041666666666666
1658400.0 12.131944444444445
1659000.0 12.222222222222221
1659600.0 12.3125
1660200.0 12.333333333333334
1660800.0 12.354166666666666
1661400.0 12.375
1662000.0 12.319444444444445
1662600.0 12.26388888888889
1663200.0 12.208333333333334
1663800.0 12.256944444444445
1664400.0 12.305555555555555
1665000.0 12.354166666666666
1665600.0 12.45138888888889
1666200.0 12.54861111111111
1666800.0 12.645833333333334
1667400.0 12.833333333333334
1668000.0 13.020833333333334
1668600.0 13.208333333333334
1669200.0 13.340277777777779
1669800.0 13.472222222222221
1670400.0 13.604166666666666
1671000.0 13.805555555555555
1671600.0 14.006944444444445
1672200.0 14.208333333333334
1672800.0 14.284722222222223
1673400.0 14.36111111111111
1674000.0 14.4375
1674600.0 14.666666666666666
1675200.0 14.895833333333334
1675800.0 15.125
1676400.0 15.069444444444445
1677000.0 15.01388888888889
1677600.0 14.958333333333334
1678200.0 14.916666666666668
1678800.0 14.875
1679400.0 14.833333333333334
1680000.0 15.354166666666666
1680600.0 15.875
1681200.0 16.395833333333332
1681800.0 16.208333333333332
1682400.0 16.020833333333332
1683000.0 15.833333333333334
1683600.0 16.28472222222222
1684200.0 16.73611111111111
1684800.0 17.1875
1685400.0 16.95138888888889
1686000.0 16.71527777777778
1686600.0 16.479166666666668
1687200.0 16.430555555555557
1687800.0 16.381944444444443
1688400.0 16.333333333333332
1689000.0 16.09027777777778
1689600.0 15.847222222222221
1690200.0 15.604166666666666
1690800.0 15.555555555555555
1691400.0 15.506944444444445
1692000.0 15.458333333333334
1692600.0 15.340277777777779
1693200.0 15.222222222222221
1693800.0 15.104166666666666
1694400.0 15.006944444444445
1695000.0 14.909722222222221
1695600.0 14.8125
1696200.0 14.902777777777779
1696800.0 14.993055555555555
1697400.0 15.083333333333334
1698000.0 14.833333333333334
1698600.0 14.583333333333334
1699200.0 14.333333333333334
1699800.0 13.79861111111111
1700400.0 13.26388888888889
1701000.0 12.729166666666666
1701600.0 12.493055555555555
1702200.0 12.256944444444445
1702800.0 12.020833333333334
1703400.0 11.868055555555555
1704000.0 11.715277777777779
1704600.0 11.5625
1705200.0 11.48611111111111
1705800.0 11.409722222222223
1706400.0 11.333333333333334
1707000.0 11.284722222222223
1707600.0 11.23611111111111
1708200.0 11.1875
1708800.0 11.13888888888889
1709400.0 11.090277777777777
1710000.0 11.041666666666666
1710600.0 10.972222222222221
1711200.0 10.902777777777779
1711800.0 10.833333333333334
1712400.0 10.791666666666668
1713000.0 10.75
1713600.0 10.708333333333334
1714200.0 10.625
1714800.0 10.541666666666668
1715400.0 10.458333333333334
1716000.0 10.36111111111111
1716600.0 10.26388888888889
1717200.0 10.166666666666666
1717800.0 10.13888888888889
1718400.0 10.11111111111111
1719000.0 10.083333333333334
1719600.0 10.0
1720200.0 9.916666666666668
1720800.0 9.833333333333334
1721400.0 9.791666666666668
1722000.0 9.75
1722600.0 9.708333333333334
1723200.0 9.666666666666668
1723800.0 9.625
1724400.0 9.583333333333334
1725000.0 9.583333333333334
1725600.0 9.583333333333334
1726200.0 9.583333333333334
1726800.0 9.625
1727400.0 9.666666666666668
1728000.0 9.708333333333334
1728600.0 9.708333333333334
1729200.0 9.708333333333334
1729800.0 9.708333333333334
1730400.0 9.73611111111111
1731000.0 9.76388888888889
1731600.0 9.791666666666666
1732200.0 9.791666666666666
1732800.0 9.791666666666666
1733400.0 9.791666666666666
1734000.0 9.8125
1734600.0 9.833333333333332
1735200.0 9.854166666666666
1735800.0 9.833333333333332
1736400.0 9.8125
1737000.0 9.791666666666666
1737600.0 9.76388888888889
1738200.0 9.73611111111111
1738800.0 9.708333333333334
1739400.0 9.73611111111111
1740000.0 9.76388888888889
1740600.0 9.791666666666666
1741200.0 9.791666666666666
1741800.0 9.791666666666666
1742400.0 9.791666666666666
1743000.0 9.791666666666666
1743600.0 9.791666666666666
1744200.0 9.791666666666666
1744800.0 9.722222222222221
1745400.0 9.652777777777779
1746000.0 9.583333333333334
1746600.0 9.541666666666668
1747200.0 9.5
1747800.0 9.458333333333334
1748400.0 9.541666666666668
1749000.0 9.625
1749600.0 9.708333333333334
1750200.0 9.784722222222223
1750800.0 9.86111111111111
1751400.0 9.9375
1752000.0 10.041666666666666
1752600.0 10.145833333333334
1753200.0 10.25
1753800.0 10.444444444444445
1754400.0 10.63888888888889
1755000.0 10.833333333333334
1755600.0 10.930555555555555
1756200.0 11.027777777777779
1756800.0 11.125
1757400.0 11.17361111111111
1758000.0 11.222222222222223
1758600.0 11.270833333333334
1759200.0 11.26388888888889
1759800.0 11.256944444444445
1760400.0 11.25
1761000.0 10.993055555555555
1761600.0 10.73611111111111
1762200.0 10.479166666666666
1762800.0 10.597222222222221
1763400.0 10.715277777777779
1764000.0 10.833333333333334
1764600.0 11.131944444444445
1765200.0 11.430555555555555
1765800.0 11.729166666666666
1766400.0 11.777777777777777
1767000.0 11.82638888888889
1767600.0 11.875
1768200.0 11.930555555555555
1768800.0 11.98611111111111
1769400.0 12.041666666666666
1770000.0 11.98611111111111
1770600.0 11.930555555555555
1771200.0 11.875
1771800.0 11.75
1772400.0 11.625
1773000.0 11.5
1773600.0 11.743055555555555
1774200.0 11.98611111111111
1774800.0 12.229166666666666
1775400.0 12.194444444444445
1776000.0 12.159722222222221
1776600.0 12.125
1777200.0 12.020833333333334
1777800.0 11.916666666666666
1778400.0 11.8125
1779000.0 11.70138888888889
1779600.0 11.590277777777777
1780200.0 11.479166666666666
1780800.0 11.381944444444445
1781400.0 11.284722222222221
1782000.0 11.1875
1782600.0 11.131944444444445
1783200.0 11.07638888888889
1783800.0 11.020833333333334
1784400.0 10.868055555555555
1785000.0 10.715277777777779
1785600.0 10.5625
1786200.0 10.256944444444445
1786800.0 9.95138888888889
1787400.0 9.645833333333334
1788000.0 9.368055555555555
1788600.0 9.090277777777779
1789200.0 8.8125
1789800.0 8.569444444444445
1790400.0 8.32638888888889
1791000.0 8.083333333333334
1791600.0 8.270833333333334
1792200.0 8.458333333333334
1792800.0 8.645833333333334
1793400.0 8.791666666666668
1794000.0 8.9375
1794600.0 9.083333333333334
1795200.0 9.020833333333334
1795800.0 8.958333333333334
1796400.0 8.895833333333334
1797000.0 8.625
1797600.0 8.354166666666668
1798200.0 8.083333333333334
1798800.0 8.01388888888889
1799400.0 7.944444444444445
1800000.0 7.875
1800600.0 7.784722222222222
1801200.0 7.694444444444445
1801800.0 7.604166666666667
1802400.0 7.3125
1803000.0 7.020833333333334
1803600.0 6.729166666666667
1804200.0 6.618055555555555
1804800.0 6.506944444444445
1805400.0 6.395833333333333
1806000.0 6.375
1806600.0 6.354166666666666
1807200.0 6.333333333333333
1807800.0 6.368055555555555
1808400.0 6.402777777777778
1809000.0 6.4375
1809600.0 6.333333333333333
1810200.0 6.229166666666667
1810800.0 6.125
1811400.0 5.902777777777778
1812000.0 5.680555555555555
1812600.0 5.458333333333333
1813200.0 5.277777777777778
1813800.0 5.097222222222222
1814400.0 4.916666666666667
1815000.0 4.784722222222222
1815600.0 4.652777777777778
1816200.0 4.520833333333333
1816800.0 4.493055555555555
1817400.0 4.465277777777778
1818000.0 4.4375
1818600.0 4.25
1819200.0 4.0625
1819800.0 3.875
1820400.0 3.7152777777777777
1821000.0 3.555555555555556
1821600.0 3.3958333333333335
1822200.0 3.3333333333333335
1822800.0 3.2708333333333335
1823400.0 3.2083333333333335
1824000.0 3.1527777777777777
1824600.0 3.0972222222222223
1825200.0 3.0416666666666665
1825800.0 2.9305555555555554
1826400.0 2.8194444444444446
1827000.0 2.7083333333333335
1827600.0 2.791666666666667
1828200.0 2.875
1828800.0 2.9583333333333335
1829400.0 2.916666666666667
1830000.0 2.875
1830600.0 2.8333333333333335
1831200.0 2.791666666666667
1831800.0 2.75
1832400.0 2.7083333333333335
1833000.0 2.791666666666667
1833600.0 2.875
1834200.0 2.9583333333333335
1834800.0 3.173611111111111
1835400.0 3.388888888888889
1836000.0 3.6041666666666665
1836600.0 3.8680555555555554
1837200.0 4.131944444444445
1837800.0 4.395833333333333
1838400.0 4.666666666666666
1839000.0 4.9375
1839600.0 5.208333333333333
1840200.0 5.388888888888888
1840800.0 5.569444444444445
1841400.0 5.75
1842000.0 5.958333333333333
1842600.0 6.166666666666667
1843200.0 6.375
1843800.0 6.638888888888889
1844400.0 6.902777777777778
1845000.0 7.166666666666667
1845600.0 7.277777777777778
1846200.0 7.388888888888889
1846800.0 7.5
1847400.0 7.659722222222222
1848000.0 7.819444444444445
1848600.0 7.979166666666667
1849200.0 8.125
1849800.0 8.270833333333332
1850400.0 8.416666666666666
1851000.0 8.444444444444445
1851600.0 8.472222222222221
1852200.0 8.5
1852800.0 8.75
1853400.0 9.0
1854000.0 9.25
1854600.0 9.29861111111111
1855200.0 9.347222222222223
1855800.0 9.395833333333334
1856400.0 9.42361111111111
1857000.0 9.45138888888889
1857600.0 9.479166666666666
1858200.0 9.48611111111111
1858800.0 9.493055555555555
1859400.0 9.5
1860000.0 9.625
1860600.0 9.75
1861200.0 9.875
1861800.0 9.770833333333334
1862400.0 9.666666666666666
1863000.0 9.5625
1863600.0 9.541666666666666
1864200.0 9.520833333333334
1864800.0 9.5
1865400.0 9.659722222222221
1866000.0 9.819444444444445
1866600.0 9.979166666666666
1867200.0 9.70138888888889
1867800.0 9.42361111111111
1868400.0 9.145833333333334
1869000.0 9.01388888888889
1869600.0 8.881944444444445
1870200.0 8.75
1870800.0 8.82638888888889
1871400.0 8.902777777777777
1872000.0 8.979166666666666
1872600.0 8.847222222222221
1873200.0 8.715277777777779
1873800.0 8.583333333333334
1874400.0 8.29861111111111
1875000.0 8.01388888888889
1875600.0 7.729166666666667
1876200.0 7.333333333333334
1876800.0 6.9375
1877400.0 6.541666666666667
1878000.0 6.472222222222222
1878600.0 6.402777777777778
1879200.0 6.333333333333333
1879800.0 6.208333333333333
1880400.0 6.083333333333333
1881000.0 5.958333333333333
1881600.0 5.736111111111111
1882200.0 5.513888888888889
1882800.0 5.291666666666667
1883400.0 5.180555555555555
1884000.0 5.069444444444445
1884600.0 4.958333333333333
1885200.0 4.930555555555555
1885800.0 4.902777777777778
1886400.0 4.875
1887000.0 4.819444444444445
1887600.0 4.763888888888888
1888200.0 4.708333333333333
1888800.0 4.611111111111111
1889400.0 4.513888888888889
1890000.0 4.416666666666667
1890600.0 4.381944444444445
1891200.0 4.347222222222222
1891800.0 4.3125
1892400.0 4.111111111111111
1893000.0 3.9097222222222223
1893600.0 3.7083333333333335
1894200.0 3.7777777777777777
1894800.0 3.8472222222222223
1895400.0 3.9166666666666665
1896000.0 3.819444444444444
1896600.0 3.7222222222222223
1897200.0 3.625
1897800.0 3.673611111111111
1898400.0 3.7222222222222223
1899000.0 3.7708333333333335
1899600.0 3.743055555555556
1900200.0 3.7152777777777777
1900800.0 3.6875
