# campaign: 2024-09-08 00:00:00 2024-09-30 00:00:00
# time[s] throughfall[m/s]
0.0000000000 0.0000000000
600.0000000000 0.0000000000
1200.0000000000 0.0000000000
1800.0000000000 0.0000000000
2400.0000000000 0.0000000000
3000.0000000000 0.0000000000
3600.0000000000 0.0000000000
4200.0000000000 0.0000000000
4800.0000000000 0.0000000000
5400.0000000000 0.0000000000
6000.0000000000 0.0000000000
6600.0000000000 0.0000000000
7200.0000000000 0.0000000000
7800.0000000000 0.0000000000
8400.0000000000 0.0000000000
9000.0000000000 0.0000000000
9600.0000000000 0.0000000000
10200.0000000000 0.0000000000
10800.0000000000 0.0000000000
11400.0000000000 0.0000000000
12000.0000000000 0.0000000000
12600.0000000000 0.0000000000
13200.0000000000 0.0000000000
13800.0000000000 0.0000000000
14400.0000000000 0.0000000000
15000.0000000000 0.0000000000
15600.0000000000 0.0000000000
16200.0000000000 0.0000000000
16800.0000000000 0.0000000000
17400.0000000000 0.0000000000
18000.0000000000 0.0000000000
18600.0000000000 0.0000000000
19200.0000000000 0.0000000000
19800.0000000000 0.0000000000
20400.0000000000 0.0000000000
21000.0000000000 0.0000000000
21600.0000000000 0.0000000000
22200.0000000000 0.0000000000
22800.0000000000 0.0000000000
23400.0000000000 0.0000000000
24000.0000000000 0.0000000000
24600.0000000000 0.0000000000
25200.0000000000 0.0000000000
25800.0000000000 0.0000000000
26400.0000000000 0.0000000000
27000.0000000000 0.0000000000
27600.0000000000 0.0000000000
28200.0000000000 0.0000000000
28800.0000000000 0.0000000000
29400.0000000000 0.0000000000
30000.0000000000 0.0000000000
30600.0000000000 0.0000000000
31200.0000000000 0.0000000000
31800.0000000000 0.0000000000
32400.0000000000 0.0000000000
33000.0000000000 0.0000000000
33600.0000000000 0.0000000000
34200.0000000000 0.0000000000
34800.0000000000 0.0000000000
35400.0000000000 0.0000000000
36000.0000000000 0.0000000000
36600.0000000000 0.0000000000
37200.0000000000 0.0000000000
37800.0000000000 0.0000000000
38400.0000000000 0.0000000000
39000.0000000000 0.0000000000
39600.0000000000 0.0000000000
40200.0000000000 0.0000000000
40800.0000000000 0.0000000000
41400.0000000000 0.0000000000
42000.0000000000 0.0000000000
42600.0000000000 0.0000000000
43200.0000000000 0.0000000000
43800.0000000000 0.0000000000
44400.0000000000 0.0000000000
45000.0000000000 0.0000000000
45600.0000000000 0.0000000000
46200.0000000000 0.0000000000
46800.0000000000 0.0000000000
47400.0000000000 0.0000000000
48000.0000000000 0.0000000000
48600.0000000000 0.0000000000
49200.0000000000 0.0000000000
49800.0000000000 0.0000000000
50400.0000000000 0.0000000000
51000.0000000000 0.0000000000
51600.0000000000 0.0000000000
52200.0000000000 0.0000000000
52800.0000000000 0.0000000000
53400.0000000000 0.0000000000
54000.0000000000 0.0000000000
54600.0000000000 0.0000000000
55200.0000000000 0.0000000000
55800.0000000000 0.0000000000
56400.0000000000 0.0000000000
57000.0000000000 0.0000000000
57600.0000000000 0.0000000000
58200.0000000000 0.0000000000
58800.0000000000 0.0000000000
59400.0000000000 0.0000000000
60000.0000000000 0.0000000000
60600.0000000000 0.0000000000
61200.0000000000 0.0000000000
61800.0000000000 0.0000000000
62400.0000000000 0.0000000000
63000.0000000000 0.0000000000
63600.0000000000 0.0000000000
64200.0000000000 0.0000000000
64800.0000000000 0.0000000000
65400.0000000000 0.0000000000
66000.0000000000 0.0000000000
66600.0000000000 0.0000000000
67200.0000000000 0.0000000000
67800.0000000000 0.0000000000
68400.0000000000 0.0000000000
69000.0000000000 0.0000000000
69600.0000000000 0.0000000000
70200.0000000000 0.0000000000
70800.0000000000 0.0000000000
71400.0000000000 0.0000000000
72000.0000000000 0.0000000000
72600.0000000000 0.0000000000
73200.0000000000 0.0000000000
73800.0000000000 0.0000000000
74400.0000000000 0.0000000000
75000.0000000000 0.0000000000
75600.0000000000 0.0000000000
76200.0000000000 0.0000000000
76800.0000000000 0.0000000000
77400.0000000000 0.0000000000
78000.0000000000 0.0000000000
78600.0000000000 0.0000000000
79200.0000000000 0.0000000000
79800.0000000000 0.0000000000
80400.0000000000 0.0000000000
81000.0000000000 0.0000000000
81600.0000000000 0.0000000000
82200.0000000000 0.0000000000
82800.0000000000 0.0000000000
83400.0000000000 0.0000000000
84000.0000000000 0.0000000000
84600.0000000000 0.0000000000
85200.0000000000 0.0000000000
85800.0000000000 0.0000000000
86400.0000000000 0.0000000000
87000.0000000000 0.0000000000
87600.0000000000 0.0000000000
88200.0000000000 0.0000000000
88800.0000000000 0.0000000000
89400.0000000000 0.0000000000
90000.0000000000 0.0000000000
90600.0000000000 0.0000000000
91200.0000000000 0.0000000000
91800.0000000000 0.0000000000
92400.0000000000 0.0000000000
93000.0000000000 0.0000000000
93600.0000000000 0.0000000000
94200.0000000000 0.0000000000
94800.0000000000 0.0000000000
95400.0000000000 0.0000000000
96000.0000000000 0.0000000051
96600.0000000000 0.0000000000
97200.0000000000 0.0000000000
97800.0000000000 0.0000000000
98400.0000000000 0.0000000000
99000.0000000000 0.0000000000
99600.0000000000 0.0000000102
100200.0000000000 0.0000000409
100800.0000000000 0.0000000973
101400.0000000000 0.0000001044
102000.0000000000 0.0000000398
102600.0000000000 0.0000000001
103200.0000000000 0.0000001431
103800.0000000000 0.0000000570
104400.0000000000 0.0000000053
105000.0000000000 0.0000000665
105600.0000000000 0.0000000327
106200.0000000000 0.0000000138
106800.0000000000 0.0000000120
107400.0000000000 0.0000000375
108000.0000000000 0.0000000632
108600.0000000000 0.0000000122
109200.0000000000 0.0000000307
109800.0000000000 0.0000000547
110400.0000000000 0.0000000838
111000.0000000000 0.0000000702
111600.0000000000 0.0000002102
112200.0000000000 0.0000001638
112800.0000000000 0.0000000784
113400.0000000000 0.0000000341
114000.0000000000 0.0000000079
114600.0000000000 0.0000001181
115200.0000000000 0.0000007301
115800.0000000000 0.0000021256
116400.0000000000 0.0000011293
117000.0000000000 0.0000010536
117600.0000000000 0.0000017163
118200.0000000000 0.0000010005
118800.0000000000 0.0000007240
119400.0000000000 0.0000005706
120000.0000000000 0.0000005932
120600.0000000000 0.0000004943
121200.0000000000 0.0000003416
121800.0000000000 0.0000003098
122400.0000000000 0.0000002779
123000.0000000000 0.0000001561
123600.0000000000 0.0000001552
124200.0000000000 0.0000002756
124800.0000000000 0.0000001550
125400.0000000000 0.0000001815
126000.0000000000 0.0000003715
126600.0000000000 0.0000001003
127200.0000000000 0.0000000301
127800.0000000000 0.0000000062
128400.0000000000 0.0000000004
129000.0000000000 0.0000000001
129600.0000000000 0.0000000000
130200.0000000000 0.0000000000
130800.0000000000 0.0000000000
131400.0000000000 0.0000000000
132000.0000000000 0.0000000000
132600.0000000000 0.0000000000
133200.0000000000 0.0000000000
133800.0000000000 0.0000000000
134400.0000000000 0.0000000000
135000.0000000000 0.0000000000
135600.0000000000 0.0000000000
136200.0000000000 0.0000000000
136800.0000000000 0.0000000000
137400.0000000000 0.0000000000
138000.0000000000 0.0000000000
138600.0000000000 0.0000000000
139200.0000000000 0.0000000000
139800.0000000000 0.0000000000
140400.0000000000 0.0000000000
141000.0000000000 0.0000000000
141600.0000000000 0.0000000000
142200.0000000000 0.0000000000
142800.0000000000 0.0000000068
143400.0000000000 0.0000000035
144000.0000000000 0.0000000000
144600.0000000000 0.0000000000
145200.0000000000 0.0000000000
145800.0000000000 0.0000000000
146400.0000000000 0.0000000000
147000.0000000000 0.0000000000
147600.0000000000 0.0000000000
148200.0000000000 0.0000000000
148800.0000000000 0.0000000000
149400.0000000000 0.0000000000
150000.0000000000 0.0000000000
150600.0000000000 0.0000000000
151200.0000000000 0.0000000000
151800.0000000000 0.0000000000
152400.0000000000 0.0000000000
153000.0000000000 0.0000000000
153600.0000000000 0.0000000000
154200.0000000000 0.0000000000
154800.0000000000 0.0000000000
155400.0000000000 0.0000000000
156000.0000000000 0.0000000000
156600.0000000000 0.0000000000
157200.0000000000 0.0000000000
157800.0000000000 0.0000000000
158400.0000000000 0.0000000000
159000.0000000000 0.0000000000
159600.0000000000 0.0000000000
160200.0000000000 0.0000000000
160800.0000000000 0.0000000000
161400.0000000000 0.0000000000
162000.0000000000 0.0000000000
162600.0000000000 0.0000000000
163200.0000000000 0.0000000000
163800.0000000000 0.0000000000
164400.0000000000 0.0000000000
165000.0000000000 0.0000000000
165600.0000000000 0.0000000000
166200.0000000000 0.0000000000
166800.0000000000 0.0000000000
167400.0000000000 0.0000000000
168000.0000000000 0.0000000000
168600.0000000000 0.0000000000
169200.0000000000 0.0000000000
169800.0000000000 0.0000000000
170400.0000000000 0.0000000000
171000.0000000000 0.0000000000
171600.0000000000 0.0000000000
172200.0000000000 0.0000000000
172800.0000000000 0.0000000000
173400.0000000000 0.0000000000
174000.0000000000 0.0000000000
174600.0000000000 0.0000000000
175200.0000000000 0.0000000000
175800.0000000000 0.0000000000
176400.0000000000 0.0000000000
177000.0000000000 0.0000000000
177600.0000000000 0.0000000000
178200.0000000000 0.0000000000
178800.0000000000 0.0000000000
179400.0000000000 0.0000000000
180000.0000000000 0.0000000000
180600.0000000000 0.0000000000
181200.0000000000 0.0000000000
181800.0000000000 0.0000000000
182400.0000000000 0.0000000000
183000.0000000000 0.0000000000
183600.0000000000 0.0000000000
184200.0000000000 0.0000000000
184800.0000000000 0.0000000000
185400.0000000000 0.0000000000
186000.0000000000 0.0000000000
186600.0000000000 0.0000000000
187200.0000000000 0.0000000000
187800.0000000000 0.0000000000
188400.0000000000 0.0000000000
189000.0000000000 0.0000000102
189600.0000000000 0.0000000000
190200.0000000000 0.0000000000
190800.0000000000 0.0000000000
191400.0000000000 0.0000000000
192000.0000000000 0.0000000000
192600.0000000000 0.0000000000
193200.0000000000 0.0000000000
193800.0000000000 0.0000000000
194400.0000000000 0.0000000000
195000.0000000000 0.0000000000
195600.0000000000 0.0000000000
196200.0000000000 0.0000000000
196800.0000000000 0.0000000000
197400.0000000000 0.0000000000
198000.0000000000 0.0000000000
198600.0000000000 0.0000000000
199200.0000000000 0.0000000000
199800.0000000000 0.0000000000
200400.0000000000 0.0000000000
201000.0000000000 0.0000000000
201600.0000000000 0.0000000000
202200.0000000000 0.0000000000
202800.0000000000 0.0000000000
203400.0000000000 0.0000000000
204000.0000000000 0.0000000000
204600.0000000000 0.0000000000
205200.0000000000 0.0000000000
205800.0000000000 0.0000000000
206400.0000000000 0.0000000000
207000.0000000000 0.0000000000
207600.0000000000 0.0000000000
208200.0000000000 0.0000000000
208800.0000000000 0.0000000000
209400.0000000000 0.0000000000
210000.0000000000 0.0000000000
210600.0000000000 0.0000000000
211200.0000000000 0.0000000000
211800.0000000000 0.0000000000
212400.0000000000 0.0000000000
213000.0000000000 0.0000000000
213600.0000000000 0.0000000000
214200.0000000000 0.0000000000
214800.0000000000 0.0000000000
215400.0000000000 0.0000000000
216000.0000000000 0.0000000000
216600.0000000000 0.0000000000
217200.0000000000 0.0000000000
217800.0000000000 0.0000000000
218400.0000000000 0.0000000000
219000.0000000000 0.0000000000
219600.0000000000 0.0000000000
220200.0000000000 0.0000000000
220800.0000000000 0.0000000000
221400.0000000000 0.0000000000
222000.0000000000 0.0000000000
222600.0000000000 0.0000000000
223200.0000000000 0.0000000000
223800.0000000000 0.0000000000
224400.0000000000 0.0000000000
225000.0000000000 0.0000000000
225600.0000000000 0.0000000000
226200.0000000000 0.0000000000
226800.0000000000 0.0000000000
227400.0000000000 0.0000000000
228000.0000000000 0.0000000000
228600.0000000000 0.0000000000
229200.0000000000 0.0000000000
229800.0000000000 0.0000000000
230400.0000000000 0.0000000000
231000.0000000000 0.0000000000
231600.0000000000 0.0000000000
232200.0000000000 0.0000000000
232800.0000000000 0.0000000000
233400.0000000000 0.0000000000
234000.0000000000 0.0000000000
234600.0000000000 0.0000000000
235200.0000000000 0.0000000000
235800.0000000000 0.0000000000
236400.0000000000 0.0000000000
237000.0000000000 0.0000000000
237600.0000000000 0.0000000000
238200.0000000000 0.0000000000
238800.0000000000 0.0000000000
239400.0000000000 0.0000000000
240000.0000000000 0.0000000000
240600.0000000000 0.0000000000
241200.0000000000 0.0000000000
241800.0000000000 0.0000000000
242400.0000000000 0.0000000000
243000.0000000000 0.0000000000
243600.0000000000 0.0000000000
244200.0000000000 0.0000000000
244800.0000000000 0.0000000000
245400.0000000000 0.0000000000
246000.0000000000 0.0000000000
246600.0000000000 0.0000000000
247200.0000000000 0.0000000000
247800.0000000000 0.0000000000
248400.0000000000 0.0000000000
249000.0000000000 0.0000000000
249600.0000000000 0.0000000000
250200.0000000000 0.0000000000
250800.0000000000 0.0000000000
251400.0000000000 0.0000000000
252000.0000000000 0.0000000000
252600.0000000000 0.0000000000
253200.0000000000 0.0000000000
253800.0000000000 0.0000000000
254400.0000000000 0.0000000000
255000.0000000000 0.0000000000
255600.0000000000 0.0000000000
256200.0000000000 0.0000000000
256800.0000000000 0.0000000000
257400.0000000000 0.0000000000
258000.0000000000 0.0000000000
258600.0000000000 0.0000000000
259200.0000000000 0.0000000000
259800.0000000000 0.0000000000
260400.0000000000 0.0000000000
261000.0000000000 0.0000000000
261600.0000000000 0.0000000000
262200.0000000000 0.0000000000
262800.0000000000 0.0000000000
263400.0000000000 0.0000000000
264000.0000000000 0.0000000000
264600.0000000000 0.0000000000
265200.0000000000 0.0000000000
265800.0000000000 0.0000000000
266400.0000000000 0.0000000000
267000.0000000000 0.0000000000
267600.0000000000 0.0000000000
268200.0000000000 0.0000000000
268800.0000000000 0.0000000000
269400.0000000000 0.0000000000
270000.0000000000 0.0000000000
270600.0000000000 0.0000000000
271200.0000000000 0.0000000000
271800.0000000000 0.0000000000
272400.0000000000 0.0000000000
273000.0000000000 0.0000000000
273600.0000000000 0.0000000000
274200.0000000000 0.0000000000
274800.0000000000 0.0000000000
275400.0000000000 0.0000000000
276000.0000000000 0.0000000000
276600.0000000000 0.0000000000
277200.0000000000 0.0000000000
277800.0000000000 0.0000000000
278400.0000000000 0.0000000000
279000.0000000000 0.0000000000
279600.0000000000 0.0000000000
280200.0000000000 0.0000000000
280800.0000000000 0.0000000000
281400.0000000000 0.0000000068
282000.0000000000 0.0000000035
282600.0000000000 0.0000000000
283200.0000000000 0.0000000000
283800.0000000000 0.0000000000
284400.0000000000 0.0000000153
285000.0000000000 0.0000000001
285600.0000000000 0.0000000000
286200.0000000000 0.0000000000
286800.0000000000 0.0000000000
287400.0000000000 0.0000000000
288000.0000000000 0.0000000000
288600.0000000000 0.0000000000
289200.0000000000 0.0000000000
289800.0000000000 0.0000000000
290400.0000000000 0.0000000000
291000.0000000000 0.0000000000
291600.0000000000 0.0000000000
292200.0000000000 0.0000000000
292800.0000000000 0.0000000000
293400.0000000000 0.0000000000
294000.0000000000 0.0000000000
294600.0000000000 0.0000000000
295200.0000000000 0.0000000000
295800.0000000000 0.0000000000
296400.0000000000 0.0000000000
297000.0000000000 0.0000000000
297600.0000000000 0.0000000000
298200.0000000000 0.0000000000
298800.0000000000 0.0000000000
299400.0000000000 0.0000000000
300000.0000000000 0.0000000000
300600.0000000000 0.0000000000
301200.0000000000 0.0000000000
301800.0000000000 0.0000000000
302400.0000000000 0.0000000000
303000.0000000000 0.0000000000
303600.0000000000 0.0000000000
304200.0000000000 0.0000000000
304800.0000000000 0.0000000000
305400.0000000000 0.0000000000
306000.0000000000 0.0000000000
306600.0000000000 0.0000000000
307200.0000000000 0.0000000000
307800.0000000000 0.0000000000
308400.0000000000 0.0000000000
309000.0000000000 0.0000000000
309600.0000000000 0.0000000000
310200.0000000000 0.0000000000
310800.0000000000 0.0000000000
311400.0000000000 0.0000000000
312000.0000000000 0.0000000000
312600.0000000000 0.0000000000
313200.0000000000 0.0000000000
313800.0000000000 0.0000000000
314400.0000000000 0.0000000000
315000.0000000000 0.0000000000
315600.0000000000 0.0000000000
316200.0000000000 0.0000000000
316800.0000000000 0.0000000000
317400.0000000000 0.0000000000
318000.0000000000 0.0000000000
318600.0000000000 0.0000000000
319200.0000000000 0.0000000000
319800.0000000000 0.0000000000
320400.0000000000 0.0000000000
321000.0000000000 0.0000000000
321600.0000000000 0.0000000000
322200.0000000000 0.0000000000
322800.0000000000 0.0000000222
323400.0000000000 0.0000000086
324000.0000000000 0.0000000102
324600.0000000000 0.0000000000
325200.0000000000 0.0000000034
325800.0000000000 0.0000000069
326400.0000000000 0.0000000000
327000.0000000000 0.0000000153
327600.0000000000 0.0000000154
328200.0000000000 0.0000000444
328800.0000000000 0.0000000360
329400.0000000000 0.0000000274
330000.0000000000 0.0000000223
330600.0000000000 0.0000000086
331200.0000000000 0.0000000000
331800.0000000000 0.0000000102
332400.0000000000 0.0000000000
333000.0000000000 0.0000000153
333600.0000000000 0.0000000001
334200.0000000000 0.0000000000
334800.0000000000 0.0000000000
335400.0000000000 0.0000000000
336000.0000000000 0.0000000000
336600.0000000000 0.0000000000
337200.0000000000 0.0000000000
337800.0000000000 0.0000000000
338400.0000000000 0.0000000000
339000.0000000000 0.0000000000
339600.0000000000 0.0000000000
340200.0000000000 0.0000000000
340800.0000000000 0.0000000000
341400.0000000000 0.0000000000
342000.0000000000 0.0000000000
342600.0000000000 0.0000000000
343200.0000000000 0.0000000000
343800.0000000000 0.0000000000
344400.0000000000 0.0000000068
345000.0000000000 0.0000000035
345600.0000000000 0.0000000000
346200.0000000000 0.0000000051
346800.0000000000 0.0000000000
347400.0000000000 0.0000000000
348000.0000000000 0.0000000000
348600.0000000000 0.0000000000
349200.0000000000 0.0000000000
349800.0000000000 0.0000000000
350400.0000000000 0.0000000000
351000.0000000000 0.0000000000
351600.0000000000 0.0000000000
352200.0000000000 0.0000000136
352800.0000000000 0.0000000222
353400.0000000000 0.0000000052
354000.0000000000 0.0000000102
354600.0000000000 0.0000000000
355200.0000000000 0.0000000222
355800.0000000000 0.0000000223
356400.0000000000 0.0000000223
357000.0000000000 0.0000000393
357600.0000000000 0.0000000462
358200.0000000000 0.0000000479
358800.0000000000 0.0000000496
359400.0000000000 0.0000000701
360000.0000000000 0.0000000293
360600.0000000000 0.0000000376
361200.0000000000 0.0000000257
361800.0000000000 0.0000000496
362400.0000000000 0.0000000258
363000.0000000000 0.0000000086
363600.0000000000 0.0000000324
364200.0000000000 0.0000000070
364800.0000000000 0.0000000324
365400.0000000000 0.0000000377
366000.0000000000 0.0000001633
366600.0000000000 0.0000000680
367200.0000000000 0.0000002264
367800.0000000000 0.0000000613
368400.0000000000 0.0000003820
369000.0000000000 0.0000002177
369600.0000000000 0.0000006064
370200.0000000000 0.0000003210
370800.0000000000 0.0000000063
371400.0000000000 0.0000001864
372000.0000000000 0.0000000099
372600.0000000000 0.0000000183
373200.0000000000 0.0000000691
373800.0000000000 0.0000000096
374400.0000000000 0.0000000009
375000.0000000000 0.0000000004
375600.0000000000 0.0000000001
376200.0000000000 0.0000000001
376800.0000000000 0.0000000000
377400.0000000000 0.0000000000
378000.0000000000 0.0000000000
378600.0000000000 0.0000000000
379200.0000000000 0.0000000000
379800.0000000000 0.0000000000
380400.0000000000 0.0000000000
381000.0000000000 0.0000000000
381600.0000000000 0.0000000000
382200.0000000000 0.0000000000
382800.0000000000 0.0000000000
383400.0000000000 0.0000000000
384000.0000000000 0.0000000000
384600.0000000000 0.0000000000
385200.0000000000 0.0000000000
385800.0000000000 0.0000000000
386400.0000000000 0.0000000000
387000.0000000000 0.0000000000
387600.0000000000 0.0000000000
388200.0000000000 0.0000000000
388800.0000000000 0.0000000000
389400.0000000000 0.0000000000
390000.0000000000 0.0000000000
390600.0000000000 0.0000000000
391200.0000000000 0.0000000000
391800.0000000000 0.0000000000
392400.0000000000 0.0000000000
393000.0000000000 0.0000000000
393600.0000000000 0.0000000000
394200.0000000000 0.0000000000
394800.0000000000 0.0000000000
395400.0000000000 0.0000000000
396000.0000000000 0.0000000000
396600.0000000000 0.0000000000
397200.0000000000 0.0000000000
397800.0000000000 0.0000000000
398400.0000000000 0.0000000000
399000.0000000000 0.0000000000
399600.0000000000 0.0000000000
400200.0000000000 0.0000000000
400800.0000000000 0.0000000000
401400.0000000000 0.0000000000
402000.0000000000 0.0000000000
402600.0000000000 0.0000000000
403200.0000000000 0.0000000000
403800.0000000000 0.0000000000
404400.0000000000 0.0000000000
405000.0000000000 0.0000000000
405600.0000000000 0.0000000000
406200.0000000000 0.0000000000
406800.0000000000 0.0000000000
407400.0000000000 0.0000000000
408000.0000000000 0.0000000000
408600.0000000000 0.0000000000
409200.0000000000 0.0000000000
409800.0000000000 0.0000000000
410400.0000000000 0.0000000000
411000.0000000000 0.0000000000
411600.0000000000 0.0000000000
412200.0000000000 0.0000000000
412800.0000000000 0.0000000000
413400.0000000000 0.0000000000
414000.0000000000 0.0000000000
414600.0000000000 0.0000000000
415200.0000000000 0.0000000000
415800.0000000000 0.0000000000
416400.0000000000 0.0000000000
417000.0000000000 0.0000000000
417600.0000000000 0.0000000000
418200.0000000000 0.0000000000
418800.0000000000 0.0000000000
419400.0000000000 0.0000000000
420000.0000000000 0.0000000000
420600.0000000000 0.0000000000
421200.0000000000 0.0000000000
421800.0000000000 0.0000000000
422400.0000000000 0.0000000000
423000.0000000000 0.0000000000
423600.0000000000 0.0000000000
424200.0000000000 0.0000000000
424800.0000000000 0.0000000000
425400.0000000000 0.0000000000
426000.0000000000 0.0000000000
426600.0000000000 0.0000000000
427200.0000000000 0.0000000000
427800.0000000000 0.0000000000
428400.0000000000 0.0000000000
429000.0000000000 0.0000000000
429600.0000000000 0.0000000000
430200.0000000000 0.0000000000
430800.0000000000 0.0000000000
431400.0000000000 0.0000000000
432000.0000000000 0.0000000000
432600.0000000000 0.0000000000
433200.0000000000 0.0000000000
433800.0000000000 0.0000000000
434400.0000000000 0.0000000000
435000.0000000000 0.0000000000
435600.0000000000 0.0000000000
436200.0000000000 0.0000000000
436800.0000000000 0.0000000000
437400.0000000000 0.0000000000
438000.0000000000 0.0000000000
438600.0000000000 0.0000000000
439200.0000000000 0.0000000000
439800.0000000000 0.0000000000
440400.0000000000 0.0000000000
441000.0000000000 0.0000000000
441600.0000000000 0.0000000000
442200.0000000000 0.0000000000
442800.0000000000 0.0000000000
443400.0000000000 0.0000000000
444000.0000000000 0.0000000000
444600.0000000000 0.0000000000
445200.0000000000 0.0000000000
445800.0000000000 0.0000000000
446400.0000000000 0.0000000000
447000.0000000000 0.0000000000
447600.0000000000 0.0000000000
448200.0000000000 0.0000000000
448800.0000000000 0.0000000000
449400.0000000000 0.0000000000
450000.0000000000 0.0000000000
450600.0000000000 0.0000000000
451200.0000000000 0.0000000051
451800.0000000000 0.0000000102
452400.0000000000 0.0000000546
453000.0000000000 0.0000000361
453600.0000000000 0.0000000223
454200.0000000000 0.0000000325
454800.0000000000 0.0000000036
455400.0000000000 0.0000000204
456000.0000000000 0.0000000393
456600.0000000000 0.0000000343
457200.0000000000 0.0000000649
457800.0000000000 0.0000000225
458400.0000000000 0.0000000189
459000.0000000000 0.0000000052
459600.0000000000 0.0000000222
460200.0000000000 0.0000000035
460800.0000000000 0.0000000153
461400.0000000000 0.0000000120
462000.0000000000 0.0000000239
462600.0000000000 0.0000000001
463200.0000000000 0.0000000051
463800.0000000000 0.0000000000
464400.0000000000 0.0000000000
465000.0000000000 0.0000000222
465600.0000000000 0.0000000138
466200.0000000000 0.0000000000
466800.0000000000 0.0000000051
467400.0000000000 0.0000000000
468000.0000000000 0.0000000000
468600.0000000000 0.0000000222
469200.0000000000 0.0000000035
469800.0000000000 0.0000000000
470400.0000000000 0.0000000102
471000.0000000000 0.0000000052
471600.0000000000 0.0000000000
472200.0000000000 0.0000000222
472800.0000000000 0.0000000223
473400.0000000000 0.0000000223
474000.0000000000 0.0000000342
474600.0000000000 0.0000000598
475200.0000000000 0.0000000548
475800.0000000000 0.0000000752
476400.0000000000 0.0000001439
477000.0000000000 0.0000004893
477600.0000000000 0.0000003959
478200.0000000000 0.0000004371
478800.0000000000 0.0000002760
479400.0000000000 0.0000002773
480000.0000000000 0.0000002525
480600.0000000000 0.0000000242
481200.0000000000 0.0000002285
481800.0000000000 0.0000001913
482400.0000000000 0.0000000313
483000.0000000000 0.0000002358
483600.0000000000 0.0000001988
484200.0000000000 0.0000000388
484800.0000000000 0.0000002437
485400.0000000000 0.0000001257
486000.0000000000 0.0000001280
486600.0000000000 0.0000002526
487200.0000000000 0.0000002831
487800.0000000000 0.0000002323
488400.0000000000 0.0000003974
489000.0000000000 0.0000004419
489600.0000000000 0.0000004451
490200.0000000000 0.0000004077
490800.0000000000 0.0000004106
491400.0000000000 0.0000005356
492000.0000000000 0.0000005530
492600.0000000000 0.0000006375
493200.0000000000 0.0000007630
493800.0000000000 0.0000007262
494400.0000000000 0.0000006455
495000.0000000000 0.0000006452
495600.0000000000 0.0000006452
496200.0000000000 0.0000006453
496800.0000000000 0.0000005640
497400.0000000000 0.0000003743
498000.0000000000 0.0000002922
498600.0000000000 0.0000002919
499200.0000000000 0.0000005628
499800.0000000000 0.0000005780
500400.0000000000 0.0000003883
501000.0000000000 0.0000004959
501600.0000000000 0.0000004152
502200.0000000000 0.0000004147
502800.0000000000 0.0000003469
503400.0000000000 0.0000005903
504000.0000000000 0.0000003479
504600.0000000000 0.0000005498
505200.0000000000 0.0000003477
505800.0000000000 0.0000003873
506400.0000000000 0.0000007801
507000.0000000000 0.0000008228
507600.0000000000 0.0000009042
508200.0000000000 0.0000012297
508800.0000000000 0.0000016104
509400.0000000000 0.0000017889
510000.0000000000 0.0000015187
510600.0000000000 0.0000011386
511200.0000000000 0.0000010820
511800.0000000000 0.0000007435
512400.0000000000 0.0000014458
513000.0000000000 0.0000011385
513600.0000000000 0.0000009472
514200.0000000000 0.0000009057
514800.0000000000 0.0000008650
515400.0000000000 0.0000013928
516000.0000000000 0.0000014364
516600.0000000000 0.0000009079
517200.0000000000 0.0000010404
517800.0000000000 0.0000008249
518400.0000000000 0.0000008096
519000.0000000000 0.0000009452
519600.0000000000 0.0000007426
520200.0000000000 0.0000007415
520800.0000000000 0.0000010800
521400.0000000000 0.0000010410
522000.0000000000 0.0000012031
522600.0000000000 0.0000009464
523200.0000000000 0.0000007149
523800.0000000000 0.0000006457
524400.0000000000 0.0000006859
525000.0000000000 0.0000006590
525600.0000000000 0.0000006720
526200.0000000000 0.0000005639
526800.0000000000 0.0000006177
527400.0000000000 0.0000003468
528000.0000000000 0.0000003320
528600.0000000000 0.0000002913
529200.0000000000 0.0000003724
529800.0000000000 0.0000003456
530400.0000000000 0.0000003861
531000.0000000000 0.0000003455
531600.0000000000 0.0000003317
532200.0000000000 0.0000003176
532800.0000000000 0.0000003455
533400.0000000000 0.0000001149
534000.0000000000 0.0000003165
534600.0000000000 0.0000004812
535200.0000000000 0.0000005081
535800.0000000000 0.0000007111
536400.0000000000 0.0000011972
537000.0000000000 0.0000006408
537600.0000000000 0.0000006618
538200.0000000000 0.0000009704
538800.0000000000 0.0000008062
539400.0000000000 0.0000007076
540000.0000000000 0.0000002430
540600.0000000000 0.0000005765
541200.0000000000 0.0000005888
541800.0000000000 0.0000002739
542400.0000000000 0.0000003104
543000.0000000000 0.0000006191
543600.0000000000 0.0000008483
544200.0000000000 0.0000005487
544800.0000000000 0.0000007609
545400.0000000000 0.0000009766
546000.0000000000 0.0000005958
546600.0000000000 0.0000001988
547200.0000000000 0.0000006956
547800.0000000000 0.0000011286
548400.0000000000 0.0000012107
549000.0000000000 0.0000005987
549600.0000000000 0.0000003638
550200.0000000000 0.0000002525
550800.0000000000 0.0000001823
551400.0000000000 0.0000000080
552000.0000000000 0.0000000042
552600.0000000000 0.0000000004
553200.0000000000 0.0000000001
553800.0000000000 0.0000000001
554400.0000000000 0.0000000000
555000.0000000000 0.0000000000
555600.0000000000 0.0000000000
556200.0000000000 0.0000000000
556800.0000000000 0.0000000000
557400.0000000000 0.0000000000
558000.0000000000 0.0000000000
558600.0000000000 0.0000000000
559200.0000000000 0.0000000102
559800.0000000000 0.0000000000
560400.0000000000 0.0000000000
561000.0000000000 0.0000000000
561600.0000000000 0.0000000000
562200.0000000000 0.0000000000
562800.0000000000 0.0000000000
563400.0000000000 0.0000000000
564000.0000000000 0.0000000000
564600.0000000000 0.0000000000
565200.0000000000 0.0000000000
565800.0000000000 0.0000000000
566400.0000000000 0.0000000051
567000.0000000000 0.0000000000
567600.0000000000 0.0000000000
568200.0000000000 0.0000000000
568800.0000000000 0.0000000000
569400.0000000000 0.0000000000
570000.0000000000 0.0000000000
570600.0000000000 0.0000000000
571200.0000000000 0.0000000000
571800.0000000000 0.0000000000
572400.0000000000 0.0000000000
573000.0000000000 0.0000000000
573600.0000000000 0.0000000000
574200.0000000000 0.0000000000
574800.0000000000 0.0000000000
575400.0000000000 0.0000000000
576000.0000000000 0.0000000000
576600.0000000000 0.0000000000
577200.0000000000 0.0000000000
577800.0000000000 0.0000000000
578400.0000000000 0.0000000000
579000.0000000000 0.0000000000
579600.0000000000 0.0000000000
580200.0000000000 0.0000000000
580800.0000000000 0.0000000000
581400.0000000000 0.0000000000
582000.0000000000 0.0000000000
582600.0000000000 0.0000000000
583200.0000000000 0.0000000000
583800.0000000000 0.0000000000
584400.0000000000 0.0000000000
585000.0000000000 0.0000000000
585600.0000000000 0.0000000000
586200.0000000000 0.0000000000
586800.0000000000 0.0000000000
587400.0000000000 0.0000000000
588000.0000000000 0.0000000000
588600.0000000000 0.0000000000
589200.0000000000 0.0000000000
589800.0000000000 0.0000000000
590400.0000000000 0.0000000000
591000.0000000000 0.0000000000
591600.0000000000 0.0000000000
592200.0000000000 0.0000000000
592800.0000000000 0.0000000000
593400.0000000000 0.0000000000
594000.0000000000 0.0000000000
594600.0000000000 0.0000000000
595200.0000000000 0.0000000000
595800.0000000000 0.0000000000
596400.0000000000 0.0000000000
597000.0000000000 0.0000000000
597600.0000000000 0.0000000000
598200.0000000000 0.0000000000
598800.0000000000 0.0000000000
599400.0000000000 0.0000000000
600000.0000000000 0.0000000000
600600.0000000000 0.0000000000
601200.0000000000 0.0000000000
601800.0000000000 0.0000000000
602400.0000000000 0.0000000000
603000.0000000000 0.0000000000
603600.0000000000 0.0000000000
604200.0000000000 0.0000000000
604800.0000000000 0.0000000000
605400.0000000000 0.0000000000
606000.0000000000 0.0000000000
606600.0000000000 0.0000000000
607200.0000000000 0.0000000000
607800.0000000000 0.0000000000
608400.0000000000 0.0000000000
609000.0000000000 0.0000000000
609600.0000000000 0.0000000000
610200.0000000000 0.0000000000
610800.0000000000 0.0000000000
611400.0000000000 0.0000000000
612000.0000000000 0.0000000000
612600.0000000000 0.0000000000
613200.0000000000 0.0000000000
613800.0000000000 0.0000000000
614400.0000000000 0.0000000000
615000.0000000000 0.0000000000
615600.0000000000 0.0000000000
616200.0000000000 0.0000000000
616800.0000000000 0.0000000000
617400.0000000000 0.0000000000
618000.0000000000 0.0000000000
618600.0000000000 0.0000000000
619200.0000000000 0.0000000000
619800.0000000000 0.0000000000
620400.0000000000 0.0000000000
621000.0000000000 0.0000000000
621600.0000000000 0.0000000000
622200.0000000000 0.0000000000
622800.0000000000 0.0000000000
623400.0000000000 0.0000000000
624000.0000000000 0.0000000000
624600.0000000000 0.0000000000
625200.0000000000 0.0000000000
625800.0000000000 0.0000000000
626400.0000000000 0.0000000000
627000.0000000000 0.0000000000
627600.0000000000 0.0000000000
628200.0000000000 0.0000000000
628800.0000000000 0.0000000000
629400.0000000000 0.0000000000
630000.0000000000 0.0000000000
630600.0000000000 0.0000000000
631200.0000000000 0.0000000000
631800.0000000000 0.0000000000
632400.0000000000 0.0000000000
633000.0000000000 0.0000000000
633600.0000000000 0.0000000000
634200.0000000000 0.0000000000
634800.0000000000 0.0000000000
635400.0000000000 0.0000000000
636000.0000000000 0.0000000000
636600.0000000000 0.0000000000
637200.0000000000 0.0000000000
637800.0000000000 0.0000000000
638400.0000000000 0.0000000000
639000.0000000000 0.0000000000
639600.0000000000 0.0000000000
640200.0000000000 0.0000000000
640800.0000000000 0.0000000000
641400.0000000000 0.0000000000
642000.0000000000 0.0000000000
642600.0000000000 0.0000000000
643200.0000000000 0.0000000000
643800.0000000000 0.0000000000
644400.0000000000 0.0000000000
645000.0000000000 0.0000000000
645600.0000000000 0.0000000000
646200.0000000000 0.0000000000
646800.0000000000 0.0000000000
647400.0000000000 0.0000000000
648000.0000000000 0.0000000000
648600.0000000000 0.0000000460
649200.0000000000 0.0000001209
649800.0000000000 0.0000002581
650400.0000000000 0.0000001052
651000.0000000000 0.0000000772
651600.0000000000 0.0000000498
652200.0000000000 0.0000004945
652800.0000000000 0.0000009877
653400.0000000000 0.0000008954
654000.0000000000 0.0000011271
654600.0000000000 0.0000010224
655200.0000000000 0.0000005896
655800.0000000000 0.0000006716
656400.0000000000 0.0000002685
657000.0000000000 0.0000000243
657600.0000000000 0.0000002156
658200.0000000000 0.0000003004
658800.0000000000 0.0000003441
659400.0000000000 0.0000009837
660000.0000000000 0.0000006381
660600.0000000000 0.0000006933
661200.0000000000 0.0000008459
661800.0000000000 0.0000011749
662400.0000000000 0.0000008141
663000.0000000000 0.0000006666
663600.0000000000 0.0000009126
664200.0000000000 0.0000012836
664800.0000000000 0.0000008958
665400.0000000000 0.0000004640
666000.0000000000 0.0000006410
666600.0000000000 0.0000001976
667200.0000000000 0.0000000599
667800.0000000000 0.0000001272
668400.0000000000 0.0000001681
669000.0000000000 0.0000001415
669600.0000000000 0.0000000011
670200.0000000000 0.0000000638
670800.0000000000 0.0000004384
671400.0000000000 0.0000006442
672000.0000000000 0.0000001979
672600.0000000000 0.0000000464
673200.0000000000 0.0000007099
673800.0000000000 0.0000011194
674400.0000000000 0.0000012028
675000.0000000000 0.0000011221
675600.0000000000 0.0000010541
676200.0000000000 0.0000007562
676800.0000000000 0.0000011064
677400.0000000000 0.0000006209
678000.0000000000 0.0000003076
678600.0000000000 0.0000000011
679200.0000000000 0.0000000009
679800.0000000000 0.0000000008
680400.0000000000 0.0000000007
681000.0000000000 0.0000000007
681600.0000000000 0.0000000006
682200.0000000000 0.0000000006
682800.0000000000 0.0000000005
683400.0000000000 0.0000000005
684000.0000000000 0.0000000004
684600.0000000000 0.0000000004
685200.0000000000 0.0000000003
685800.0000000000 0.0000000003
686400.0000000000 0.0000000003
687000.0000000000 0.0000000002
687600.0000000000 0.0000000002
688200.0000000000 0.0000000002
688800.0000000000 0.0000000002
689400.0000000000 0.0000000002
690000.0000000000 0.0000000001
690600.0000000000 0.0000000035
691200.0000000000 0.0000000969
691800.0000000000 0.0000000012
692400.0000000000 0.0000000009
693000.0000000000 0.0000000008
693600.0000000000 0.0000000007
694200.0000000000 0.0000005017
694800.0000000000 0.0000003481
695400.0000000000 0.0000002115
696000.0000000000 0.0000001027
696600.0000000000 0.0000000010
697200.0000000000 0.0000000670
697800.0000000000 0.0000000344
698400.0000000000 0.0000000010
699000.0000000000 0.0000000009
699600.0000000000 0.0000000008
700200.0000000000 0.0000000532
700800.0000000000 0.0000001705
701400.0000000000 0.0000000629
702000.0000000000 0.0000000010
702600.0000000000 0.0000001640
703200.0000000000 0.0000004013
703800.0000000000 0.0000003893
704400.0000000000 0.0000004703
705000.0000000000 0.0000000781
705600.0000000000 0.0000001706
706200.0000000000 0.0000000764
706800.0000000000 0.0000000010
707400.0000000000 0.0000000009
708000.0000000000 0.0000000761
708600.0000000000 0.0000005365
709200.0000000000 0.0000000893
709800.0000000000 0.0000000837
710400.0000000000 0.0000001347
711000.0000000000 0.0000000011
711600.0000000000 0.0000003529
712200.0000000000 0.0000012772
712800.0000000000 0.0000003583
713400.0000000000 0.0000008378
714000.0000000000 0.0000008376
714600.0000000000 0.0000001431
715200.0000000000 0.0000000011
715800.0000000000 0.0000000006
716400.0000000000 0.0000000004
717000.0000000000 0.0000000002
717600.0000000000 0.0000000001
718200.0000000000 0.0000000001
718800.0000000000 0.0000000000
719400.0000000000 0.0000000034
720000.0000000000 0.0000000120
720600.0000000000 0.0000000103
721200.0000000000 0.0000000154
721800.0000000000 0.0000000001
722400.0000000000 0.0000002273
723000.0000000000 0.0000006885
723600.0000000000 0.0000007145
724200.0000000000 0.0000004418
724800.0000000000 0.0000001818
725400.0000000000 0.0000000429
726000.0000000000 0.0000000545
726600.0000000000 0.0000002292
727200.0000000000 0.0000007712
727800.0000000000 0.0000005286
728400.0000000000 0.0000003501
729000.0000000000 0.0000000492
729600.0000000000 0.0000000079
730200.0000000000 0.0000000983
730800.0000000000 0.0000000314
731400.0000000000 0.0000000011
732000.0000000000 0.0000000003
732600.0000000000 0.0000000001
733200.0000000000 0.0000000000
733800.0000000000 0.0000000000
734400.0000000000 0.0000000000
735000.0000000000 0.0000000000
735600.0000000000 0.0000000000
736200.0000000000 0.0000000000
736800.0000000000 0.0000000068
737400.0000000000 0.0000000035
738000.0000000000 0.0000000000
738600.0000000000 0.0000000000
739200.0000000000 0.0000000000
739800.0000000000 0.0000000000
740400.0000000000 0.0000000000
741000.0000000000 0.0000000000
741600.0000000000 0.0000000000
742200.0000000000 0.0000000000
742800.0000000000 0.0000000000
743400.0000000000 0.0000000000
744000.0000000000 0.0000000000
744600.0000000000 0.0000000000
745200.0000000000 0.0000000000
745800.0000000000 0.0000000000
746400.0000000000 0.0000000000
747000.0000000000 0.0000000000
747600.0000000000 0.0000000000
748200.0000000000 0.0000000000
748800.0000000000 0.0000000000
749400.0000000000 0.0000000000
750000.0000000000 0.0000000000
750600.0000000000 0.0000000000
751200.0000000000 0.0000000000
751800.0000000000 0.0000000000
752400.0000000000 0.0000000000
753000.0000000000 0.0000000000
753600.0000000000 0.0000000000
754200.0000000000 0.0000000000
754800.0000000000 0.0000000000
755400.0000000000 0.0000000000
756000.0000000000 0.0000000000
756600.0000000000 0.0000000000
757200.0000000000 0.0000000000
757800.0000000000 0.0000000000
758400.0000000000 0.0000000000
759000.0000000000 0.0000000000
759600.0000000000 0.0000000000
760200.0000000000 0.0000000000
760800.0000000000 0.0000000000
761400.0000000000 0.0000000000
762000.0000000000 0.0000000000
762600.0000000000 0.0000000102
763200.0000000000 0.0000000052
763800.0000000000 0.0000000119
764400.0000000000 0.0000000511
765000.0000000000 0.0000000753
765600.0000000000 0.0000001618
766200.0000000000 0.0000045118
766800.0000000000 0.0000026774
767400.0000000000 0.0000000653
768000.0000000000 0.0000000248
768600.0000000000 0.0000000010
769200.0000000000 0.0000000009
769800.0000000000 0.0000000009
770400.0000000000 0.0000000008
771000.0000000000 0.0000000008
771600.0000000000 0.0000000007
772200.0000000000 0.0000000007
772800.0000000000 0.0000000057
773400.0000000000 0.0000000606
774000.0000000000 0.0000000330
774600.0000000000 0.0000000010
775200.0000000000 0.0000000009
775800.0000000000 0.0000000008
776400.0000000000 0.0000000484
777000.0000000000 0.0000000010
777600.0000000000 0.0000000009
778200.0000000000 0.0000000008
778800.0000000000 0.0000000008
779400.0000000000 0.0000000007
780000.0000000000 0.0000000006
780600.0000000000 0.0000000006
781200.0000000000 0.0000000005
781800.0000000000 0.0000000005
782400.0000000000 0.0000000005
783000.0000000000 0.0000000004
783600.0000000000 0.0000000004
784200.0000000000 0.0000000004
784800.0000000000 0.0000000003
785400.0000000000 0.0000000003
786000.0000000000 0.0000000003
786600.0000000000 0.0000000002
787200.0000000000 0.0000000002
787800.0000000000 0.0000000002
788400.0000000000 0.0000000002
789000.0000000000 0.0000000002
789600.0000000000 0.0000000002
790200.0000000000 0.0000000002
790800.0000000000 0.0000000001
791400.0000000000 0.0000000001
792000.0000000000 0.0000000001
792600.0000000000 0.0000000001
793200.0000000000 0.0000000001
793800.0000000000 0.0000000001
794400.0000000000 0.0000000001
795000.0000000000 0.0000000001
795600.0000000000 0.0000000001
796200.0000000000 0.0000000001
796800.0000000000 0.0000000001
797400.0000000000 0.0000000000
798000.0000000000 0.0000000000
798600.0000000000 0.0000000000
799200.0000000000 0.0000000000
799800.0000000000 0.0000000000
800400.0000000000 0.0000000000
801000.0000000000 0.0000000000
801600.0000000000 0.0000000000
802200.0000000000 0.0000000000
802800.0000000000 0.0000000000
803400.0000000000 0.0000000000
804000.0000000000 0.0000000000
804600.0000000000 0.0000000000
805200.0000000000 0.0000000000
805800.0000000000 0.0000000000
806400.0000000000 0.0000000000
807000.0000000000 0.0000000000
807600.0000000000 0.0000000000
808200.0000000000 0.0000000000
808800.0000000000 0.0000000000
809400.0000000000 0.0000000000
810000.0000000000 0.0000000000
810600.0000000000 0.0000000000
811200.0000000000 0.0000000000
811800.0000000000 0.0000000000
812400.0000000000 0.0000000000
813000.0000000000 0.0000000000
813600.0000000000 0.0000000000
814200.0000000000 0.0000000000
814800.0000000000 0.0000000000
815400.0000000000 0.0000000000
816000.0000000000 0.0000000000
816600.0000000000 0.0000000000
817200.0000000000 0.0000000000
817800.0000000000 0.0000000000
818400.0000000000 0.0000000000
819000.0000000000 0.0000000000
819600.0000000000 0.0000000000
820200.0000000000 0.0000000000
820800.0000000000 0.0000000000
821400.0000000000 0.0000000000
822000.0000000000 0.0000000000
822600.0000000000 0.0000000000
823200.0000000000 0.0000000000
823800.0000000000 0.0000000000
824400.0000000000 0.0000000000
825000.0000000000 0.0000000000
825600.0000000000 0.0000000000
826200.0000000000 0.0000000000
826800.0000000000 0.0000000000
827400.0000000000 0.0000000000
828000.0000000000 0.0000000000
828600.0000000000 0.0000000000
829200.0000000000 0.0000000000
829800.0000000000 0.0000000000
830400.0000000000 0.0000000000
831000.0000000000 0.0000000000
831600.0000000000 0.0000000000
832200.0000000000 0.0000000000
832800.0000000000 0.0000000000
833400.0000000000 0.0000000000
834000.0000000000 0.0000000000
834600.0000000000 0.0000000034
835200.0000000000 0.0000000069
835800.0000000000 0.0000000000
836400.0000000000 0.0000000000
837000.0000000000 0.0000000000
837600.0000000000 0.0000000000
838200.0000000000 0.0000000000
838800.0000000000 0.0000000000
839400.0000000000 0.0000000000
840000.0000000000 0.0000000000
840600.0000000000 0.0000000000
841200.0000000000 0.0000000000
841800.0000000000 0.0000000000
842400.0000000000 0.0000000000
843000.0000000000 0.0000000000
843600.0000000000 0.0000000000
844200.0000000000 0.0000000000
844800.0000000000 0.0000000000
845400.0000000000 0.0000000000
846000.0000000000 0.0000000000
846600.0000000000 0.0000000000
847200.0000000000 0.0000000000
847800.0000000000 0.0000000000
848400.0000000000 0.0000000000
849000.0000000000 0.0000000000
849600.0000000000 0.0000000000
850200.0000000000 0.0000000000
850800.0000000000 0.0000000000
851400.0000000000 0.0000000000
852000.0000000000 0.0000000000
852600.0000000000 0.0000000000
853200.0000000000 0.0000000000
853800.0000000000 0.0000000000
854400.0000000000 0.0000000000
855000.0000000000 0.0000000000
855600.0000000000 0.0000000000
856200.0000000000 0.0000000000
856800.0000000000 0.0000000000
857400.0000000000 0.0000000000
858000.0000000000 0.0000000000
858600.0000000000 0.0000000000
859200.0000000000 0.0000000000
859800.0000000000 0.0000000000
860400.0000000000 0.0000000000
861000.0000000000 0.0000000000
861600.0000000000 0.0000000000
862200.0000000000 0.0000000000
862800.0000000000 0.0000000000
863400.0000000000 0.0000000000
864000.0000000000 0.0000000000
864600.0000000000 0.0000000000
865200.0000000000 0.0000000000
865800.0000000000 0.0000000000
866400.0000000000 0.0000000000
867000.0000000000 0.0000000000
867600.0000000000 0.0000000000
868200.0000000000 0.0000000000
868800.0000000000 0.0000000000
869400.0000000000 0.0000000000
870000.0000000000 0.0000000000
870600.0000000000 0.0000000000
871200.0000000000 0.0000000000
871800.0000000000 0.0000000000
872400.0000000000 0.0000000000
873000.0000000000 0.0000000000
873600.0000000000 0.0000000000
874200.0000000000 0.0000000000
874800.0000000000 0.0000000000
875400.0000000000 0.0000000000
876000.0000000000 0.0000000000
876600.0000000000 0.0000000000
877200.0000000000 0.0000000000
877800.0000000000 0.0000000000
878400.0000000000 0.0000000000
879000.0000000000 0.0000000000
879600.0000000000 0.0000000000
880200.0000000000 0.0000000000
880800.0000000000 0.0000000000
881400.0000000000 0.0000000000
882000.0000000000 0.0000000000
882600.0000000000 0.0000000000
883200.0000000000 0.0000000000
883800.0000000000 0.0000000000
884400.0000000000 0.0000000000
885000.0000000000 0.0000000000
885600.0000000000 0.0000000000
886200.0000000000 0.0000000000
886800.0000000000 0.0000000000
887400.0000000000 0.0000000000
888000.0000000000 0.0000000000
888600.0000000000 0.0000000000
889200.0000000000 0.0000000000
889800.0000000000 0.0000000000
890400.0000000000 0.0000000000
891000.0000000000 0.0000000000
891600.0000000000 0.0000000000
892200.0000000000 0.0000000000
892800.0000000000 0.0000000000
893400.0000000000 0.0000000000
894000.0000000000 0.0000000000
894600.0000000000 0.0000000000
895200.0000000000 0.0000000000
895800.0000000000 0.0000000000
896400.0000000000 0.0000000000
897000.0000000000 0.0000000000
897600.0000000000 0.0000000000
898200.0000000000 0.0000000000
898800.0000000000 0.0000000000
899400.0000000000 0.0000000000
900000.0000000000 0.0000000000
900600.0000000000 0.0000000000
901200.0000000000 0.0000000000
901800.0000000000 0.0000000000
902400.0000000000 0.0000000000
903000.0000000000 0.0000000000
903600.0000000000 0.0000000000
904200.0000000000 0.0000000000
904800.0000000000 0.0000000000
905400.0000000000 0.0000000000
906000.0000000000 0.0000000000
906600.0000000000 0.0000000000
907200.0000000000 0.0000000000
907800.0000000000 0.0000000000
908400.0000000000 0.0000000000
909000.0000000000 0.0000000000
909600.0000000000 0.0000000000
910200.0000000000 0.0000000000
910800.0000000000 0.0000000000
911400.0000000000 0.0000000000
912000.0000000000 0.0000000000
912600.0000000000 0.0000000000
913200.0000000000 0.0000000000
913800.0000000000 0.0000000000
914400.0000000000 0.0000000000
915000.0000000000 0.0000000000
915600.0000000000 0.0000000000
916200.0000000000 0.0000000000
916800.0000000000 0.0000000000
917400.0000000000 0.0000000000
918000.0000000000 0.0000000000
918600.0000000000 0.0000000000
919200.0000000000 0.0000000000
919800.0000000000 0.0000000000
920400.0000000000 0.0000000000
921000.0000000000 0.0000000000
921600.0000000000 0.0000000000
922200.0000000000 0.0000000000
922800.0000000000 0.0000000000
923400.0000000000 0.0000000000
924000.0000000000 0.0000000000
924600.0000000000 0.0000000000
925200.0000000000 0.0000000000
925800.0000000000 0.0000000000
926400.0000000000 0.0000000000
927000.0000000000 0.0000000000
927600.0000000000 0.0000000000
928200.0000000000 0.0000000000
928800.0000000000 0.0000000000
929400.0000000000 0.0000000000
930000.0000000000 0.0000000000
930600.0000000000 0.0000000000
931200.0000000000 0.0000000000
931800.0000000000 0.0000000000
932400.0000000000 0.0000000000
933000.0000000000 0.0000000000
933600.0000000000 0.0000000000
934200.0000000000 0.0000000000
934800.0000000000 0.0000000000
935400.0000000000 0.0000000000
936000.0000000000 0.0000000000
936600.0000000000 0.0000000000
937200.0000000000 0.0000000000
937800.0000000000 0.0000000000
938400.0000000000 0.0000000000
939000.0000000000 0.0000000000
939600.0000000000 0.0000000000
940200.0000000000 0.0000000000
940800.0000000000 0.0000000000
941400.0000000000 0.0000000000
942000.0000000000 0.0000000000
942600.0000000000 0.0000000000
943200.0000000000 0.0000000000
943800.0000000000 0.0000000000
944400.0000000000 0.0000000000
945000.0000000000 0.0000000000
945600.0000000000 0.0000000000
946200.0000000000 0.0000000000
946800.0000000000 0.0000000000
947400.0000000000 0.0000000000
948000.0000000000 0.0000000000
948600.0000000000 0.0000000000
949200.0000000000 0.0000000000
949800.0000000000 0.0000000000
950400.0000000000 0.0000000000
951000.0000000000 0.0000000000
951600.0000000000 0.0000000000
952200.0000000000 0.0000000000
952800.0000000000 0.0000000000
953400.0000000000 0.0000000000
954000.0000000000 0.0000000000
954600.0000000000 0.0000000000
955200.0000000000 0.0000000000
955800.0000000000 0.0000000000
956400.0000000000 0.0000000000
957000.0000000000 0.0000000000
957600.0000000000 0.0000000000
958200.0000000000 0.0000000000
958800.0000000000 0.0000000000
959400.0000000000 0.0000000000
960000.0000000000 0.0000000000
960600.0000000000 0.0000000000
961200.0000000000 0.0000000000
961800.0000000000 0.0000000000
962400.0000000000 0.0000000000
963000.0000000000 0.0000000000
963600.0000000000 0.0000000000
964200.0000000000 0.0000000000
964800.0000000000 0.0000000000
965400.0000000000 0.0000000000
966000.0000000000 0.0000000000
966600.0000000000 0.0000000000
967200.0000000000 0.0000000000
967800.0000000000 0.0000000000
968400.0000000000 0.0000000000
969000.0000000000 0.0000000000
969600.0000000000 0.0000000000
970200.0000000000 0.0000000000
970800.0000000000 0.0000000000
971400.0000000000 0.0000000000
972000.0000000000 0.0000000000
972600.0000000000 0.0000000000
973200.0000000000 0.0000000000
973800.0000000000 0.0000000000
974400.0000000000 0.0000000000
975000.0000000000 0.0000000000
975600.0000000000 0.0000000000
976200.0000000000 0.0000000000
976800.0000000000 0.0000000000
977400.0000000000 0.0000000000
978000.0000000000 0.0000000000
978600.0000000000 0.0000000000
979200.0000000000 0.0000000000
979800.0000000000 0.0000000000
980400.0000000000 0.0000000000
981000.0000000000 0.0000000000
981600.0000000000 0.0000000000
982200.0000000000 0.0000000000
982800.0000000000 0.0000000000
983400.0000000000 0.0000000000
984000.0000000000 0.0000000000
984600.0000000000 0.0000000000
985200.0000000000 0.0000000000
985800.0000000000 0.0000000000
986400.0000000000 0.0000000000
987000.0000000000 0.0000000000
987600.0000000000 0.0000000000
988200.0000000000 0.0000000000
988800.0000000000 0.0000000000
989400.0000000000 0.0000000000
990000.0000000000 0.0000000000
990600.0000000000 0.0000000000
991200.0000000000 0.0000000000
991800.0000000000 0.0000000000
992400.0000000000 0.0000000000
993000.0000000000 0.0000000000
993600.0000000000 0.0000000000
994200.0000000000 0.0000000000
994800.0000000000 0.0000000000
995400.0000000000 0.0000000000
996000.0000000000 0.0000000000
996600.0000000000 0.0000000000
997200.0000000000 0.0000000000
997800.0000000000 0.0000000000
998400.0000000000 0.0000000000
999000.0000000000 0.0000000000
999600.0000000000 0.0000000000
1000200.0000000000 0.0000000000
1000800.0000000000 0.0000000000
1001400.0000000000 0.0000000000
1002000.0000000000 0.0000000000
1002600.0000000000 0.0000000000
1003200.0000000000 0.0000000000
1003800.0000000000 0.0000000000
1004400.0000000000 0.0000000000
1005000.0000000000 0.0000000000
1005600.0000000000 0.0000000000
1006200.0000000000 0.0000000000
1006800.0000000000 0.0000000000
1007400.0000000000 0.0000000000
1008000.0000000000 0.0000000000
1008600.0000000000 0.0000000000
1009200.0000000000 0.0000000000
1009800.0000000000 0.0000000000
1010400.0000000000 0.0000000000
1011000.0000000000 0.0000000000
1011600.0000000000 0.0000000000
1012200.0000000000 0.0000000000
1012800.0000000000 0.0000000000
1013400.0000000000 0.0000000000
1014000.0000000000 0.0000000000
1014600.0000000000 0.0000000000
1015200.0000000000 0.0000000000
1015800.0000000000 0.0000000000
1016400.0000000000 0.0000000000
1017000.0000000000 0.0000000000
1017600.0000000000 0.0000000000
1018200.0000000000 0.0000000000
1018800.0000000000 0.0000000000
1019400.0000000000 0.0000000000
1020000.0000000000 0.0000000000
1020600.0000000000 0.0000000000
1021200.0000000000 0.0000000000
1021800.0000000000 0.0000000000
1022400.0000000000 0.0000000000
1023000.0000000000 0.0000000000
1023600.0000000000 0.0000000000
1024200.0000000000 0.0000000000
1024800.0000000000 0.0000000000
1025400.0000000000 0.0000000000
1026000.0000000000 0.0000000000
1026600.0000000000 0.0000000000
1027200.0000000000 0.0000000000
1027800.0000000000 0.0000000000
1028400.0000000000 0.0000000000
1029000.0000000000 0.0000000000
1029600.0000000000 0.0000000000
1030200.0000000000 0.0000000000
1030800.0000000000 0.0000000000
1031400.0000000000 0.0000000000
1032000.0000000000 0.0000000000
1032600.0000000000 0.0000000000
1033200.0000000000 0.0000000000
1033800.0000000000 0.0000000000
1034400.0000000000 0.0000000000
1035000.0000000000 0.0000000000
1035600.0000000000 0.0000000000
1036200.0000000000 0.0000000000
1036800.0000000000 0.0000000000
1037400.0000000000 0.0000000000
1038000.0000000000 0.0000000000
1038600.0000000000 0.0000000000
1039200.0000000000 0.0000000000
1039800.0000000000 0.0000000000
1040400.0000000000 0.0000000000
1041000.0000000000 0.0000000000
1041600.0000000000 0.0000000000
1042200.0000000000 0.0000000000
1042800.0000000000 0.0000000000
1043400.0000000000 0.0000000000
1044000.0000000000 0.0000000000
1044600.0000000000 0.0000000000
1045200.0000000000 0.0000000000
1045800.0000000000 0.0000000000
1046400.0000000000 0.0000000000
1047000.0000000000 0.0000000000
1047600.0000000000 0.0000000000
1048200.0000000000 0.0000000000
1048800.0000000000 0.0000000000
1049400.0000000000 0.0000000000
1050000.0000000000 0.0000000000
1050600.0000000000 0.0000000000
1051200.0000000000 0.0000000000
1051800.0000000000 0.0000000000
1052400.0000000000 0.0000000000
1053000.0000000000 0.0000000000
1053600.0000000000 0.0000000000
1054200.0000000000 0.0000000000
1054800.0000000000 0.0000000000
1055400.0000000000 0.0000000000
1056000.0000000000 0.0000000000
1056600.0000000000 0.0000000000
1057200.0000000000 0.0000000000
1057800.0000000000 0.0000000000
1058400.0000000000 0.0000000000
1059000.0000000000 0.0000000000
1059600.0000000000 0.0000000000
1060200.0000000000 0.0000000000
1060800.0000000000 0.0000000000
1061400.0000000000 0.0000000000
1062000.0000000000 0.0000000000
1062600.0000000000 0.0000000000
1063200.0000000000 0.0000000000
1063800.0000000000 0.0000000000
1064400.0000000000 0.0000000000
1065000.0000000000 0.0000000000
1065600.0000000000 0.0000000000
1066200.0000000000 0.0000000000
1066800.0000000000 0.0000000000
1067400.0000000000 0.0000000000
1068000.0000000000 0.0000000000
1068600.0000000000 0.0000000000
1069200.0000000000 0.0000000000
1069800.0000000000 0.0000000000
1070400.0000000000 0.0000000000
1071000.0000000000 0.0000000000
1071600.0000000000 0.0000000000
1072200.0000000000 0.0000000000
1072800.0000000000 0.0000000000
1073400.0000000000 0.0000000000
1074000.0000000000 0.0000000000
1074600.0000000000 0.0000000000
1075200.0000000000 0.0000000000
1075800.0000000000 0.0000000000
1076400.0000000000 0.0000000000
1077000.0000000000 0.0000000000
1077600.0000000000 0.0000000000
1078200.0000000000 0.0000000000
1078800.0000000000 0.0000000000
1079400.0000000000 0.0000000000
1080000.0000000000 0.0000000000
1080600.0000000000 0.0000000000
1081200.0000000000 0.0000000000
1081800.0000000000 0.0000000000
1082400.0000000000 0.0000000000
1083000.0000000000 0.0000000000
1083600.0000000000 0.0000000000
1084200.0000000000 0.0000000000
1084800.0000000000 0.0000000000
1085400.0000000000 0.0000000000
1086000.0000000000 0.0000000000
1086600.0000000000 0.0000000000
1087200.0000000000 0.0000000000
1087800.0000000000 0.0000000000
1088400.0000000000 0.0000000000
1089000.0000000000 0.0000000000
1089600.0000000000 0.0000000000
1090200.0000000000 0.0000000000
1090800.0000000000 0.0000000000
1091400.0000000000 0.0000000000
1092000.0000000000 0.0000000000
1092600.0000000000 0.0000000000
1093200.0000000000 0.0000000000
1093800.0000000000 0.0000000000
1094400.0000000000 0.0000000000
1095000.0000000000 0.0000000000
1095600.0000000000 0.0000000000
1096200.0000000000 0.0000000000
1096800.0000000000 0.0000000000
1097400.0000000000 0.0000000000
1098000.0000000000 0.0000000000
1098600.0000000000 0.0000000000
1099200.0000000000 0.0000000000
1099800.0000000000 0.0000000000
1100400.0000000000 0.0000000000
1101000.0000000000 0.0000000000
1101600.0000000000 0.0000000000
1102200.0000000000 0.0000000000
1102800.0000000000 0.0000000000
1103400.0000000000 0.0000000000
1104000.0000000000 0.0000000000
1104600.0000000000 0.0000000000
1105200.0000000000 0.0000000000
1105800.0000000000 0.0000000000
1106400.0000000000 0.0000000000
1107000.0000000000 0.0000000000
1107600.0000000000 0.0000000000
1108200.0000000000 0.0000000000
1108800.0000000000 0.0000000000
1109400.0000000000 0.0000000000
1110000.0000000000 0.0000000000
1110600.0000000000 0.0000000000
1111200.0000000000 0.0000000000
1111800.0000000000 0.0000000000
1112400.0000000000 0.0000000000
1113000.0000000000 0.0000000000
1113600.0000000000 0.0000000000
1114200.0000000000 0.0000000000
1114800.0000000000 0.0000000000
1115400.0000000000 0.0000000000
1116000.0000000000 0.0000000000
1116600.0000000000 0.0000000000
1117200.0000000000 0.0000000000
1117800.0000000000 0.0000000000
1118400.0000000000 0.0000000000
1119000.0000000000 0.0000000000
1119600.0000000000 0.0000000000
1120200.0000000000 0.0000000000
1120800.0000000000 0.0000000000
1121400.0000000000 0.0000000000
1122000.0000000000 0.0000000000
1122600.0000000000 0.0000000000
1123200.0000000000 0.0000000000
1123800.0000000000 0.0000000000
1124400.0000000000 0.0000000000
1125000.0000000000 0.0000000000
1125600.0000000000 0.0000000000
1126200.0000000000 0.0000000000
1126800.0000000000 0.0000000000
1127400.0000000000 0.0000000000
1128000.0000000000 0.0000000000
1128600.0000000000 0.0000000000
1129200.0000000000 0.0000000000
1129800.0000000000 0.0000000000
1130400.0000000000 0.0000000000
1131000.0000000000 0.0000000000
1131600.0000000000 0.0000000000
1132200.0000000000 0.0000000000
1132800.0000000000 0.0000000000
1133400.0000000000 0.0000000000
1134000.0000000000 0.0000000000
1134600.0000000000 0.0000000000
1135200.0000000000 0.0000000000
1135800.0000000000 0.0000000000
1136400.0000000000 0.0000000000
1137000.0000000000 0.0000000000
1137600.0000000000 0.0000000000
1138200.0000000000 0.0000000000
1138800.0000000000 0.0000000051
1139400.0000000000 0.0000000000
1140000.0000000000 0.0000000000
1140600.0000000000 0.0000000000
1141200.0000000000 0.0000000000
1141800.0000000000 0.0000000000
1142400.0000000000 0.0000000000
1143000.0000000000 0.0000000000
1143600.0000000000 0.0000000000
1144200.0000000000 0.0000000000
1144800.0000000000 0.0000000000
1145400.0000000000 0.0000000000
1146000.0000000000 0.0000000000
1146600.0000000000 0.0000000000
1147200.0000000000 0.0000000000
1147800.0000000000 0.0000000000
1148400.0000000000 0.0000000000
1149000.0000000000 0.0000000000
1149600.0000000000 0.0000000000
1150200.0000000000 0.0000000000
1150800.0000000000 0.0000000000
1151400.0000000000 0.0000000102
1152000.0000000000 0.0000000000
1152600.0000000000 0.0000000000
1153200.0000000000 0.0000000000
1153800.0000000000 0.0000000000
1154400.0000000000 0.0000000000
1155000.0000000000 0.0000000000
1155600.0000000000 0.0000000000
1156200.0000000000 0.0000000000
1156800.0000000000 0.0000000000
1157400.0000000000 0.0000000000
1158000.0000000000 0.0000000000
1158600.0000000000 0.0000000000
1159200.0000000000 0.0000000000
1159800.0000000000 0.0000000000
1160400.0000000000 0.0000000000
1161000.0000000000 0.0000000000
1161600.0000000000 0.0000000000
1162200.0000000000 0.0000000000
1162800.0000000000 0.0000000000
1163400.0000000000 0.0000000000
1164000.0000000000 0.0000000000
1164600.0000000000 0.0000000000
1165200.0000000000 0.0000000000
1165800.0000000000 0.0000000000
1166400.0000000000 0.0000000000
1167000.0000000000 0.0000000000
1167600.0000000000 0.0000000000
1168200.0000000000 0.0000000000
1168800.0000000000 0.0000000000
1169400.0000000000 0.0000000000
1170000.0000000000 0.0000000000
1170600.0000000000 0.0000000000
1171200.0000000000 0.0000000000
1171800.0000000000 0.0000000000
1172400.0000000000 0.0000000000
1173000.0000000000 0.0000000000
1173600.0000000000 0.0000000000
1174200.0000000000 0.0000000000
1174800.0000000000 0.0000000000
1175400.0000000000 0.0000000000
1176000.0000000000 0.0000000000
1176600.0000000000 0.0000000000
1177200.0000000000 0.0000000000
1177800.0000000000 0.0000000000
1178400.0000000000 0.0000000000
1179000.0000000000 0.0000000000
1179600.0000000000 0.0000000000
1180200.0000000000 0.0000000000
1180800.0000000000 0.0000000000
1181400.0000000000 0.0000000000
1182000.0000000000 0.0000000000
1182600.0000000000 0.0000000000
1183200.0000000000 0.0000000000
1183800.0000000000 0.0000000000
1184400.0000000000 0.0000000000
1185000.0000000000 0.0000000000
1185600.0000000000 0.0000000000
1186200.0000000000 0.0000000000
1186800.0000000000 0.0000000000
1187400.0000000000 0.0000000000
1188000.0000000000 0.0000000000
1188600.0000000000 0.0000000000
1189200.0000000000 0.0000000000
1189800.0000000000 0.0000000000
1190400.0000000000 0.0000000000
1191000.0000000000 0.0000000000
1191600.0000000000 0.0000000000
1192200.0000000000 0.0000000000
1192800.0000000000 0.0000000000
1193400.0000000000 0.0000000000
1194000.0000000000 0.0000000000
1194600.0000000000 0.0000000000
1195200.0000000000 0.0000000000
1195800.0000000000 0.0000000000
1196400.0000000000 0.0000000000
1197000.0000000000 0.0000000000
1197600.0000000000 0.0000000000
1198200.0000000000 0.0000000000
1198800.0000000000 0.0000000000
1199400.0000000000 0.0000000000
1200000.0000000000 0.0000000000
1200600.0000000000 0.0000000000
1201200.0000000000 0.0000000000
1201800.0000000000 0.0000000000
1202400.0000000000 0.0000000000
1203000.0000000000 0.0000000000
1203600.0000000000 0.0000000000
1204200.0000000000 0.0000000000
1204800.0000000000 0.0000000000
1205400.0000000000 0.0000000000
1206000.0000000000 0.0000000000
1206600.0000000000 0.0000000000
1207200.0000000000 0.0000000000
1207800.0000000000 0.0000000000
1208400.0000000000 0.0000000000
1209000.0000000000 0.0000000000
1209600.0000000000 0.0000000000
1210200.0000000000 0.0000000000
1210800.0000000000 0.0000000000
1211400.0000000000 0.0000000000
1212000.0000000000 0.0000000000
1212600.0000000000 0.0000000000
1213200.0000000000 0.0000000000
1213800.0000000000 0.0000000000
1214400.0000000000 0.0000000000
1215000.0000000000 0.0000000000
1215600.0000000000 0.0000000000
1216200.0000000000 0.0000000000
1216800.0000000000 0.0000000000
1217400.0000000000 0.0000000000
1218000.0000000000 0.0000000000
1218600.0000000000 0.0000000000
1219200.0000000000 0.0000000000
1219800.0000000000 0.0000000000
1220400.0000000000 0.0000000000
1221000.0000000000 0.0000000000
1221600.0000000000 0.0000000000
1222200.0000000000 0.0000000000
1222800.0000000000 0.0000000000
1223400.0000000000 0.0000000000
1224000.0000000000 0.0000000000
1224600.0000000000 0.0000000000
1225200.0000000000 0.0000000000
1225800.0000000000 0.0000000000
1226400.0000000000 0.0000000000
1227000.0000000000 0.0000000000
1227600.0000000000 0.0000000000
1228200.0000000000 0.0000000000
1228800.0000000000 0.0000000000
1229400.0000000000 0.0000000000
1230000.0000000000 0.0000000000
1230600.0000000000 0.0000000000
1231200.0000000000 0.0000000000
1231800.0000000000 0.0000000000
1232400.0000000000 0.0000000000
1233000.0000000000 0.0000000000
1233600.0000000000 0.0000000000
1234200.0000000000 0.0000000000
1234800.0000000000 0.0000000000
1235400.0000000000 0.0000000000
1236000.0000000000 0.0000000000
1236600.0000000000 0.0000000000
1237200.0000000000 0.0000000000
1237800.0000000000 0.0000000000
1238400.0000000000 0.0000000000
1239000.0000000000 0.0000000000
1239600.0000000000 0.0000000000
1240200.0000000000 0.0000000000
1240800.0000000000 0.0000000000
1241400.0000000000 0.0000000000
1242000.0000000000 0.0000000000
1242600.0000000000 0.0000000000
1243200.0000000000 0.0000000000
1243800.0000000000 0.0000000000
1244400.0000000000 0.0000000000
1245000.0000000000 0.0000000000
1245600.0000000000 0.0000000000
1246200.0000000000 0.0000000000
1246800.0000000000 0.0000000000
1247400.0000000000 0.0000000000
1248000.0000000000 0.0000000000
1248600.0000000000 0.0000000000
1249200.0000000000 0.0000000000
1249800.0000000000 0.0000000000
1250400.0000000000 0.0000000000
1251000.0000000000 0.0000000000
1251600.0000000000 0.0000000000
1252200.0000000000 0.0000000000
1252800.0000000000 0.0000000000
1253400.0000000000 0.0000000000
1254000.0000000000 0.0000000000
1254600.0000000000 0.0000000000
1255200.0000000000 0.0000000000
1255800.0000000000 0.0000000000
1256400.0000000000 0.0000000000
1257000.0000000000 0.0000000000
1257600.0000000000 0.0000000000
1258200.0000000000 0.0000000000
1258800.0000000000 0.0000000000
1259400.0000000000 0.0000000000
1260000.0000000000 0.0000000000
1260600.0000000000 0.0000000000
1261200.0000000000 0.0000000000
1261800.0000000000 0.0000000000
1262400.0000000000 0.0000000000
1263000.0000000000 0.0000000000
1263600.0000000000 0.0000000000
1264200.0000000000 0.0000000000
1264800.0000000000 0.0000000000
1265400.0000000000 0.0000000000
1266000.0000000000 0.0000000000
1266600.0000000000 0.0000000000
1267200.0000000000 0.0000000000
1267800.0000000000 0.0000000000
1268400.0000000000 0.0000000000
1269000.0000000000 0.0000000000
1269600.0000000000 0.0000000000
1270200.0000000000 0.0000000000
1270800.0000000000 0.0000000000
1271400.0000000000 0.0000000000
1272000.0000000000 0.0000000000
1272600.0000000000 0.0000000000
1273200.0000000000 0.0000000000
1273800.0000000000 0.0000000000
1274400.0000000000 0.0000000000
1275000.0000000000 0.0000000000
1275600.0000000000 0.0000000000
1276200.0000000000 0.0000000000
1276800.0000000000 0.0000000000
1277400.0000000000 0.0000000000
1278000.0000000000 0.0000000000
1278600.0000000000 0.0000000000
1279200.0000000000 0.0000000000
1279800.0000000000 0.0000000000
1280400.0000000000 0.0000000000
1281000.0000000000 0.0000000000
1281600.0000000000 0.0000000000
1282200.0000000000 0.0000000000
1282800.0000000000 0.0000000000
1283400.0000000000 0.0000000000
1284000.0000000000 0.0000000000
1284600.0000000000 0.0000000000
1285200.0000000000 0.0000000000
1285800.0000000000 0.0000000000
1286400.0000000000 0.0000000000
1287000.0000000000 0.0000000000
1287600.0000000000 0.0000000000
1288200.0000000000 0.0000000000
1288800.0000000000 0.0000000000
1289400.0000000000 0.0000000000
1290000.0000000000 0.0000000000
1290600.0000000000 0.0000000000
1291200.0000000000 0.0000000000
1291800.0000000000 0.0000000000
1292400.0000000000 0.0000000000
1293000.0000000000 0.0000000000
1293600.0000000000 0.0000000000
1294200.0000000000 0.0000000000
1294800.0000000000 0.0000000000
1295400.0000000000 0.0000000000
1296000.0000000000 0.0000000000
1296600.0000000000 0.0000000000
1297200.0000000000 0.0000000000
1297800.0000000000 0.0000000000
1298400.0000000000 0.0000000000
1299000.0000000000 0.0000000000
1299600.0000000000 0.0000000000
1300200.0000000000 0.0000000000
1300800.0000000000 0.0000000000
1301400.0000000000 0.0000000000
1302000.0000000000 0.0000000000
1302600.0000000000 0.0000000000
1303200.0000000000 0.0000000000
1303800.0000000000 0.0000000000
1304400.0000000000 0.0000000000
1305000.0000000000 0.0000000000
1305600.0000000000 0.0000000000
1306200.0000000000 0.0000000000
1306800.0000000000 0.0000000000
1307400.0000000000 0.0000000051
1308000.0000000000 0.0000000000
1308600.0000000000 0.0000000000
1309200.0000000000 0.0000000000
1309800.0000000000 0.0000000000
1310400.0000000000 0.0000000000
1311000.0000000000 0.0000000000
1311600.0000000000 0.0000000000
1312200.0000000000 0.0000000000
1312800.0000000000 0.0000000000
1313400.0000000000 0.0000000000
1314000.0000000000 0.0000000000
1314600.0000000000 0.0000000000
1315200.0000000000 0.0000000000
1315800.0000000000 0.0000000000
1316400.0000000000 0.0000000000
1317000.0000000000 0.0000000000
1317600.0000000000 0.0000000000
1318200.0000000000 0.0000000000
1318800.0000000000 0.0000000000
1319400.0000000000 0.0000000000
1320000.0000000000 0.0000000000
1320600.0000000000 0.0000000000
1321200.0000000000 0.0000000000
1321800.0000000000 0.0000000000
1322400.0000000000 0.0000000000
1323000.0000000000 0.0000000000
1323600.0000000000 0.0000000000
1324200.0000000000 0.0000000000
1324800.0000000000 0.0000000000
1325400.0000000000 0.0000000000
1326000.0000000000 0.0000000000
1326600.0000000000 0.0000000000
1327200.0000000000 0.0000000000
1327800.0000000000 0.0000000000
1328400.0000000000 0.0000000000
1329000.0000000000 0.0000000000
1329600.0000000000 0.0000000000
1330200.0000000000 0.0000000000
1330800.0000000000 0.0000000000
1331400.0000000000 0.0000000000
1332000.0000000000 0.0000000000
1332600.0000000000 0.0000000000
1333200.0000000000 0.0000000000
1333800.0000000000 0.0000000000
1334400.0000000000 0.0000000000
1335000.0000000000 0.0000000000
1335600.0000000000 0.0000000000
1336200.0000000000 0.0000000000
1336800.0000000000 0.0000000000
1337400.0000000000 0.0000000000
1338000.0000000000 0.0000000000
1338600.0000000000 0.0000000000
1339200.0000000000 0.0000000000
1339800.0000000000 0.0000000000
1340400.0000000000 0.0000000000
1341000.0000000000 0.0000000000
1341600.0000000000 0.0000000000
1342200.0000000000 0.0000000000
1342800.0000000000 0.0000000000
1343400.0000000000 0.0000000000
1344000.0000000000 0.0000000000
1344600.0000000000 0.0000000000
1345200.0000000000 0.0000000000
1345800.0000000000 0.0000000000
1346400.0000000000 0.0000000000
1347000.0000000000 0.0000000000
1347600.0000000000 0.0000000000
1348200.0000000000 0.0000000000
1348800.0000000000 0.0000000000
1349400.0000000000 0.0000000000
1350000.0000000000 0.0000000000
1350600.0000000000 0.0000000000
1351200.0000000000 0.0000000000
1351800.0000000000 0.0000000000
1352400.0000000000 0.0000000000
1353000.0000000000 0.0000000000
1353600.0000000000 0.0000000000
1354200.0000000000 0.0000000000
1354800.0000000000 0.0000000000
1355400.0000000000 0.0000000000
1356000.0000000000 0.0000000000
1356600.0000000000 0.0000000000
1357200.0000000000 0.0000000000
1357800.0000000000 0.0000000000
1358400.0000000000 0.0000000000
1359000.0000000000 0.0000000000
1359600.0000000000 0.0000000000
1360200.0000000000 0.0000000000
1360800.0000000000 0.0000000000
1361400.0000000000 0.0000000000
1362000.0000000000 0.0000000000
1362600.0000000000 0.0000000000
1363200.0000000000 0.0000000000
1363800.0000000000 0.0000000000
1364400.0000000000 0.0000000000
1365000.0000000000 0.0000000000
1365600.0000000000 0.0000000000
1366200.0000000000 0.0000000000
1366800.0000000000 0.0000000000
1367400.0000000000 0.0000000000
1368000.0000000000 0.0000000000
1368600.0000000000 0.0000000000
1369200.0000000000 0.0000000000
1369800.0000000000 0.0000000000
1370400.0000000000 0.0000000000
1371000.0000000000 0.0000000000
1371600.0000000000 0.0000000000
1372200.0000000000 0.0000000000
1372800.0000000000 0.0000000000
1373400.0000000000 0.0000000000
1374000.0000000000 0.0000000000
1374600.0000000000 0.0000000000
1375200.0000000000 0.0000000000
1375800.0000000000 0.0000000000
1376400.0000000000 0.0000000000
1377000.0000000000 0.0000000000
1377600.0000000000 0.0000000000
1378200.0000000000 0.0000000000
1378800.0000000000 0.0000000000
1379400.0000000000 0.0000000000
1380000.0000000000 0.0000000000
1380600.0000000000 0.0000000000
1381200.0000000000 0.0000000000
1381800.0000000000 0.0000000000
1382400.0000000000 0.0000000000
1383000.0000000000 0.0000000000
1383600.0000000000 0.0000000000
1384200.0000000000 0.0000000000
1384800.0000000000 0.0000000000
1385400.0000000000 0.0000000000
1386000.0000000000 0.0000000000
1386600.0000000000 0.0000000000
1387200.0000000000 0.0000000000
1387800.0000000000 0.0000000000
1388400.0000000000 0.0000000000
1389000.0000000000 0.0000000000
1389600.0000000000 0.0000000000
1390200.0000000000 0.0000000000
1390800.0000000000 0.0000000000
1391400.0000000000 0.0000000000
1392000.0000000000 0.0000000000
1392600.0000000000 0.0000000000
1393200.0000000000 0.0000000000
1393800.0000000000 0.0000000000
1394400.0000000000 0.0000000000
1395000.0000000000 0.0000000000
1395600.0000000000 0.0000000000
1396200.0000000000 0.0000000000
1396800.0000000000 0.0000000000
1397400.0000000000 0.0000000000
1398000.0000000000 0.0000000000
1398600.0000000000 0.0000000000
1399200.0000000000 0.0000000000
1399800.0000000000 0.0000000000
1400400.0000000000 0.0000000000
1401000.0000000000 0.0000000000
1401600.0000000000 0.0000000000
1402200.0000000000 0.0000000000
1402800.0000000000 0.0000000000
1403400.0000000000 0.0000000000
1404000.0000000000 0.0000000051
1404600.0000000000 0.0000000000
1405200.0000000000 0.0000000000
1405800.0000000000 0.0000000000
1406400.0000000000 0.0000000000
1407000.0000000000 0.0000000000
1407600.0000000000 0.0000000000
1408200.0000000000 0.0000000000
1408800.0000000000 0.0000000000
1409400.0000000000 0.0000000000
1410000.0000000000 0.0000000000
1410600.0000000000 0.0000000000
1411200.0000000000 0.0000000000
1411800.0000000000 0.0000000256
1412400.0000000000 0.0000000001
1413000.0000000000 0.0000000000
1413600.0000000000 0.0000000119
1414200.0000000000 0.0000000818
1414800.0000000000 0.0000000498
1415400.0000000000 0.0000000394
1416000.0000000000 0.0000000445
1416600.0000000000 0.0000000650
1417200.0000000000 0.0000000497
1417800.0000000000 0.0000000327
1418400.0000000000 0.0000000257
1419000.0000000000 0.0000000240
1419600.0000000000 0.0000000137
1420200.0000000000 0.0000000290
1420800.0000000000 0.0000000666
1421400.0000000000 0.0000000838
1422000.0000000000 0.0000000294
1422600.0000000000 0.0000000274
1423200.0000000000 0.0000000325
1423800.0000000000 0.0000000274
1424400.0000000000 0.0000000121
1425000.0000000000 0.0000000188
1425600.0000000000 0.0000000001
1426200.0000000000 0.0000000000
1426800.0000000000 0.0000000000
1427400.0000000000 0.0000000000
1428000.0000000000 0.0000000000
1428600.0000000000 0.0000000000
1429200.0000000000 0.0000000000
1429800.0000000000 0.0000000000
1430400.0000000000 0.0000000000
1431000.0000000000 0.0000000000
1431600.0000000000 0.0000000000
1432200.0000000000 0.0000000000
1432800.0000000000 0.0000000000
1433400.0000000000 0.0000000000
1434000.0000000000 0.0000000000
1434600.0000000000 0.0000000000
1435200.0000000000 0.0000000000
1435800.0000000000 0.0000000000
1436400.0000000000 0.0000000000
1437000.0000000000 0.0000000000
1437600.0000000000 0.0000000034
1438200.0000000000 0.0000000069
1438800.0000000000 0.0000000000
1439400.0000000000 0.0000000000
1440000.0000000000 0.0000000000
1440600.0000000000 0.0000000000
1441200.0000000000 0.0000000000
1441800.0000000000 0.0000000000
1442400.0000000000 0.0000000000
1443000.0000000000 0.0000000000
1443600.0000000000 0.0000000000
1444200.0000000000 0.0000000000
1444800.0000000000 0.0000000000
1445400.0000000000 0.0000000000
1446000.0000000000 0.0000000000
1446600.0000000000 0.0000000000
1447200.0000000000 0.0000000000
1447800.0000000000 0.0000000000
1448400.0000000000 0.0000000000
1449000.0000000000 0.0000000000
1449600.0000000000 0.0000000000
1450200.0000000000 0.0000000000
1450800.0000000000 0.0000000000
1451400.0000000000 0.0000000000
1452000.0000000000 0.0000000000
1452600.0000000000 0.0000000000
1453200.0000000000 0.0000000000
1453800.0000000000 0.0000000000
1454400.0000000000 0.0000000000
1455000.0000000000 0.0000000000
1455600.0000000000 0.0000000000
1456200.0000000000 0.0000000000
1456800.0000000000 0.0000000000
1457400.0000000000 0.0000000000
1458000.0000000000 0.0000000000
1458600.0000000000 0.0000000000
1459200.0000000000 0.0000000000
1459800.0000000000 0.0000000000
1460400.0000000000 0.0000000000
1461000.0000000000 0.0000000000
1461600.0000000000 0.0000000000
1462200.0000000000 0.0000000000
1462800.0000000000 0.0000000000
1463400.0000000000 0.0000000000
1464000.0000000000 0.0000000000
1464600.0000000000 0.0000000000
1465200.0000000000 0.0000000000
1465800.0000000000 0.0000000000
1466400.0000000000 0.0000000000
1467000.0000000000 0.0000000000
1467600.0000000000 0.0000000000
1468200.0000000000 0.0000000000
1468800.0000000000 0.0000000000
1469400.0000000000 0.0000000000
1470000.0000000000 0.0000000000
1470600.0000000000 0.0000000000
1471200.0000000000 0.0000000000
1471800.0000000000 0.0000000000
1472400.0000000000 0.0000000000
1473000.0000000000 0.0000000000
1473600.0000000000 0.0000000000
1474200.0000000000 0.0000000000
1474800.0000000000 0.0000000000
1475400.0000000000 0.0000000000
1476000.0000000000 0.0000000000
1476600.0000000000 0.0000000000
1477200.0000000000 0.0000000000
1477800.0000000000 0.0000000000
1478400.0000000000 0.0000000000
1479000.0000000000 0.0000000000
1479600.0000000000 0.0000000000
1480200.0000000000 0.0000000000
1480800.0000000000 0.0000000000
1481400.0000000000 0.0000000000
1482000.0000000000 0.0000000000
1482600.0000000000 0.0000000000
1483200.0000000000 0.0000000000
1483800.0000000000 0.0000000000
1484400.0000000000 0.0000000000
1485000.0000000000 0.0000000000
1485600.0000000000 0.0000000000
1486200.0000000000 0.0000000000
1486800.0000000000 0.0000000000
1487400.0000000000 0.0000000000
1488000.0000000000 0.0000000000
1488600.0000000000 0.0000000000
1489200.0000000000 0.0000000000
1489800.0000000000 0.0000000000
1490400.0000000000 0.0000000000
1491000.0000000000 0.0000000000
1491600.0000000000 0.0000000000
1492200.0000000000 0.0000000000
1492800.0000000000 0.0000000000
1493400.0000000000 0.0000000000
1494000.0000000000 0.0000000000
1494600.0000000000 0.0000000000
1495200.0000000000 0.0000000000
1495800.0000000000 0.0000000000
1496400.0000000000 0.0000000000
1497000.0000000000 0.0000000000
1497600.0000000000 0.0000000000
1498200.0000000000 0.0000000000
1498800.0000000000 0.0000000000
1499400.0000000000 0.0000000000
1500000.0000000000 0.0000000000
1500600.0000000000 0.0000000000
1501200.0000000000 0.0000000000
1501800.0000000000 0.0000000000
1502400.0000000000 0.0000000000
1503000.0000000000 0.0000000000
1503600.0000000000 0.0000000000
1504200.0000000000 0.0000000000
1504800.0000000000 0.0000000000
1505400.0000000000 0.0000000000
1506000.0000000000 0.0000000000
1506600.0000000000 0.0000000000
1507200.0000000000 0.0000000000
1507800.0000000000 0.0000000000
1508400.0000000000 0.0000000000
1509000.0000000000 0.0000000000
1509600.0000000000 0.0000000000
1510200.0000000000 0.0000000000
1510800.0000000000 0.0000000000
1511400.0000000000 0.0000000000
1512000.0000000000 0.0000000000
1512600.0000000000 0.0000000000
1513200.0000000000 0.0000000000
1513800.0000000000 0.0000000000
1514400.0000000000 0.0000000000
1515000.0000000000 0.0000000000
1515600.0000000000 0.0000000000
1516200.0000000000 0.0000000000
1516800.0000000000 0.0000000000
1517400.0000000000 0.0000000000
1518000.0000000000 0.0000000000
1518600.0000000000 0.0000000000
1519200.0000000000 0.0000000000
1519800.0000000000 0.0000000000
1520400.0000000000 0.0000000000
1521000.0000000000 0.0000000000
1521600.0000000000 0.0000000000
1522200.0000000000 0.0000000000
1522800.0000000000 0.0000000000
1523400.0000000000 0.0000000000
1524000.0000000000 0.0000000000
1524600.0000000000 0.0000000000
1525200.0000000000 0.0000000000
1525800.0000000000 0.0000000000
1526400.0000000000 0.0000000000
1527000.0000000000 0.0000000000
1527600.0000000000 0.0000000000
1528200.0000000000 0.0000000000
1528800.0000000000 0.0000000000
1529400.0000000000 0.0000000000
1530000.0000000000 0.0000000000
1530600.0000000000 0.0000000000
1531200.0000000000 0.0000000000
1531800.0000000000 0.0000000000
1532400.0000000000 0.0000000000
1533000.0000000000 0.0000000000
1533600.0000000000 0.0000000000
1534200.0000000000 0.0000000000
1534800.0000000000 0.0000000000
1535400.0000000000 0.0000000000
1536000.0000000000 0.0000000000
1536600.0000000000 0.0000000000
1537200.0000000000 0.0000000000
1537800.0000000000 0.0000000000
1538400.0000000000 0.0000000000
1539000.0000000000 0.0000000000
1539600.0000000000 0.0000000000
1540200.0000000000 0.0000000000
1540800.0000000000 0.0000000000
1541400.0000000000 0.0000000000
1542000.0000000000 0.0000000000
1542600.0000000000 0.0000000000
1543200.0000000000 0.0000000000
1543800.0000000000 0.0000000000
1544400.0000000000 0.0000000000
1545000.0000000000 0.0000000000
1545600.0000000000 0.0000000000
1546200.0000000000 0.0000000000
1546800.0000000000 0.0000000000
1547400.0000000000 0.0000000000
1548000.0000000000 0.0000000000
1548600.0000000000 0.0000000000
1549200.0000000000 0.0000000000
1549800.0000000000 0.0000000000
1550400.0000000000 0.0000000000
1551000.0000000000 0.0000000000
1551600.0000000000 0.0000000000
1552200.0000000000 0.0000000000
1552800.0000000000 0.0000000000
1553400.0000000000 0.0000000000
1554000.0000000000 0.0000000000
1554600.0000000000 0.0000000000
1555200.0000000000 0.0000000000
1555800.0000000000 0.0000000000
1556400.0000000000 0.0000000000
1557000.0000000000 0.0000000000
1557600.0000000000 0.0000000000
1558200.0000000000 0.0000000000
1558800.0000000000 0.0000000000
1559400.0000000000 0.0000000000
1560000.0000000000 0.0000000000
1560600.0000000000 0.0000000000
1561200.0000000000 0.0000000000
1561800.0000000000 0.0000000000
1562400.0000000000 0.0000000000
1563000.0000000000 0.0000000000
1563600.0000000000 0.0000000000
1564200.0000000000 0.0000000000
1564800.0000000000 0.0000000000
1565400.0000000000 0.0000000000
1566000.0000000000 0.0000000000
1566600.0000000000 0.0000000000
1567200.0000000000 0.0000000000
1567800.0000000000 0.0000000000
1568400.0000000000 0.0000000000
1569000.0000000000 0.0000000000
1569600.0000000000 0.0000000000
1570200.0000000000 0.0000000153
1570800.0000000000 0.0000000188
1571400.0000000000 0.0000000223
1572000.0000000000 0.0000000001
1572600.0000000000 0.0000000051
1573200.0000000000 0.0000000000
1573800.0000000000 0.0000000068
1574400.0000000000 0.0000000035
1575000.0000000000 0.0000000000
1575600.0000000000 0.0000000000
1576200.0000000000 0.0000000000
1576800.0000000000 0.0000000000
1577400.0000000000 0.0000000000
1578000.0000000000 0.0000000000
1578600.0000000000 0.0000000000
1579200.0000000000 0.0000000102
1579800.0000000000 0.0000000000
1580400.0000000000 0.0000000153
1581000.0000000000 0.0000000222
1581600.0000000000 0.0000000086
1582200.0000000000 0.0000000000
1582800.0000000000 0.0000000000
1583400.0000000000 0.0000000085
1584000.0000000000 0.0000000171
1584600.0000000000 0.0000000103
1585200.0000000000 0.0000000052
1585800.0000000000 0.0000000000
1586400.0000000000 0.0000000000
1587000.0000000000 0.0000000085
1587600.0000000000 0.0000000171
1588200.0000000000 0.0000000103
1588800.0000000000 0.0000000000
1589400.0000000000 0.0000000051
1590000.0000000000 0.0000000000
1590600.0000000000 0.0000000034
1591200.0000000000 0.0000000375
1591800.0000000000 0.0000000445
1592400.0000000000 0.0000000326
1593000.0000000000 0.0000000001
1593600.0000000000 0.0000000051
1594200.0000000000 0.0000000136
1594800.0000000000 0.0000000069
1595400.0000000000 0.0000000051
1596000.0000000000 0.0000000000
1596600.0000000000 0.0000000000
1597200.0000000000 0.0000000000
1597800.0000000000 0.0000000000
1598400.0000000000 0.0000000000
1599000.0000000000 0.0000000000
1599600.0000000000 0.0000000000
1600200.0000000000 0.0000000000
1600800.0000000000 0.0000000000
1601400.0000000000 0.0000000000
1602000.0000000000 0.0000000000
1602600.0000000000 0.0000000000
1603200.0000000000 0.0000000000
1603800.0000000000 0.0000000000
1604400.0000000000 0.0000000000
1605000.0000000000 0.0000000000
1605600.0000000000 0.0000000000
1606200.0000000000 0.0000000000
1606800.0000000000 0.0000000000
1607400.0000000000 0.0000000000
1608000.0000000000 0.0000000000
1608600.0000000000 0.0000000000
1609200.0000000000 0.0000000000
1609800.0000000000 0.0000000000
1610400.0000000000 0.0000000000
1611000.0000000000 0.0000000000
1611600.0000000000 0.0000000000
1612200.0000000000 0.0000000000
1612800.0000000000 0.0000000000
1613400.0000000000 0.0000000000
1614000.0000000000 0.0000000000
1614600.0000000000 0.0000000000
1615200.0000000000 0.0000000000
1615800.0000000000 0.0000000000
1616400.0000000000 0.0000000000
1617000.0000000000 0.0000000000
1617600.0000000000 0.0000000000
1618200.0000000000 0.0000000000
1618800.0000000000 0.0000000000
1619400.0000000000 0.0000000000
1620000.0000000000 0.0000000000
1620600.0000000000 0.0000000000
1621200.0000000000 0.0000000000
1621800.0000000000 0.0000000000
1622400.0000000000 0.0000000000
1623000.0000000000 0.0000000000
1623600.0000000000 0.0000000000
1624200.0000000000 0.0000000068
1624800.0000000000 0.0000000477
1625400.0000000000 0.0000000224
1626000.0000000000 0.0000000223
1626600.0000000000 0.0000000189
1627200.0000000000 0.0000000205
1627800.0000000000 0.0000000223
1628400.0000000000 0.0000000376
1629000.0000000000 0.0000000223
1629600.0000000000 0.0000000171
1630200.0000000000 0.0000000188
1630800.0000000000 0.0000000052
1631400.0000000000 0.0000000324
1632000.0000000000 0.0000000121
1632600.0000000000 0.0000000171
1633200.0000000000 0.0000000222
1633800.0000000000 0.0000000240
1634400.0000000000 0.0000000103
1635000.0000000000 0.0000000120
1635600.0000000000 0.0000000290
1636200.0000000000 0.0000000052
1636800.0000000000 0.0000000000
1637400.0000000000 0.0000000289
1638000.0000000000 0.0000000070
1638600.0000000000 0.0000000000
1639200.0000000000 0.0000000000
1639800.0000000000 0.0000000000
1640400.0000000000 0.0000000000
1641000.0000000000 0.0000000000
1641600.0000000000 0.0000000000
1642200.0000000000 0.0000000000
1642800.0000000000 0.0000000000
1643400.0000000000 0.0000000000
1644000.0000000000 0.0000000000
1644600.0000000000 0.0000000000
1645200.0000000000 0.0000000000
1645800.0000000000 0.0000000000
1646400.0000000000 0.0000000000
1647000.0000000000 0.0000000000
1647600.0000000000 0.0000000000
1648200.0000000000 0.0000000000
1648800.0000000000 0.0000000000
1649400.0000000000 0.0000000000
1650000.0000000000 0.0000000000
1650600.0000000000 0.0000000000
1651200.0000000000 0.0000000000
1651800.0000000000 0.0000000000
1652400.0000000000 0.0000000000
1653000.0000000000 0.0000000000
1653600.0000000000 0.0000000000
1654200.0000000000 0.0000000000
1654800.0000000000 0.0000000000
1655400.0000000000 0.0000000000
1656000.0000000000 0.0000000000
1656600.0000000000 0.0000000000
1657200.0000000000 0.0000000000
1657800.0000000000 0.0000000000
1658400.0000000000 0.0000000000
1659000.0000000000 0.0000000000
1659600.0000000000 0.0000000000
1660200.0000000000 0.0000000000
1660800.0000000000 0.0000000000
1661400.0000000000 0.0000000000
1662000.0000000000 0.0000000000
1662600.0000000000 0.0000000000
1663200.0000000000 0.0000000000
1663800.0000000000 0.0000000000
1664400.0000000000 0.0000000000
1665000.0000000000 0.0000000000
1665600.0000000000 0.0000000000
1666200.0000000000 0.0000000000
1666800.0000000000 0.0000000000
1667400.0000000000 0.0000000000
1668000.0000000000 0.0000000000
1668600.0000000000 0.0000000000
1669200.0000000000 0.0000000000
1669800.0000000000 0.0000000000
1670400.0000000000 0.0000000000
1671000.0000000000 0.0000000000
1671600.0000000000 0.0000000000
1672200.0000000000 0.0000000000
1672800.0000000000 0.0000000068
1673400.0000000000 0.0000000035
1674000.0000000000 0.0000000000
1674600.0000000000 0.0000000000
1675200.0000000000 0.0000000000
1675800.0000000000 0.0000000000
1676400.0000000000 0.0000000000
1677000.0000000000 0.0000000000
1677600.0000000000 0.0000000000
1678200.0000000000 0.0000000000
1678800.0000000000 0.0000000000
1679400.0000000000 0.0000000000
1680000.0000000000 0.0000000000
1680600.0000000000 0.0000000000
1681200.0000000000 0.0000000000
1681800.0000000000 0.0000000000
1682400.0000000000 0.0000000000
1683000.0000000000 0.0000000000
1683600.0000000000 0.0000000000
1684200.0000000000 0.0000000000
1684800.0000000000 0.0000000000
1685400.0000000000 0.0000000000
1686000.0000000000 0.0000000000
1686600.0000000000 0.0000000000
1687200.0000000000 0.0000000000
1687800.0000000000 0.0000000000
1688400.0000000000 0.0000000000
1689000.0000000000 0.0000000000
1689600.0000000000 0.0000000000
1690200.0000000000 0.0000000000
1690800.0000000000 0.0000000000
1691400.0000000000 0.0000000000
1692000.0000000000 0.0000000000
1692600.0000000000 0.0000000000
1693200.0000000000 0.0000000000
1693800.0000000000 0.0000000000
1694400.0000000000 0.0000000000
1695000.0000000000 0.0000000000
1695600.0000000000 0.0000000000
1696200.0000000000 0.0000000000
1696800.0000000000 0.0000000000
1697400.0000000000 0.0000000000
1698000.0000000000 0.0000000000
1698600.0000000000 0.0000000000
1699200.0000000000 0.0000000000
1699800.0000000000 0.0000000000
1700400.0000000000 0.0000000000
1701000.0000000000 0.0000000000
1701600.0000000000 0.0000000000
1702200.0000000000 0.0000000000
1702800.0000000000 0.0000000000
1703400.0000000000 0.0000000000
1704000.0000000000 0.0000000000
1704600.0000000000 0.0000000000
1705200.0000000000 0.0000000000
1705800.0000000000 0.0000000000
1706400.0000000000 0.0000000000
1707000.0000000000 0.0000000647
1707600.0000000000 0.0000000651
1708200.0000000000 0.0000000497
1708800.0000000000 0.0000000224
1709400.0000000000 0.0000000138
1710000.0000000000 0.0000000000
1710600.0000000000 0.0000000273
1711200.0000000000 0.0000000138
1711800.0000000000 0.0000000000
1712400.0000000000 0.0000000000
1713000.0000000000 0.0000000085
1713600.0000000000 0.0000000120
1714200.0000000000 0.0000000001
1714800.0000000000 0.0000000000
1715400.0000000000 0.0000000000
1716000.0000000000 0.0000000000
1716600.0000000000 0.0000000000
1717200.0000000000 0.0000000000
1717800.0000000000 0.0000000000
1718400.0000000000 0.0000000000
1719000.0000000000 0.0000000000
1719600.0000000000 0.0000000102
1720200.0000000000 0.0000000000
1720800.0000000000 0.0000000000
1721400.0000000000 0.0000000000
1722000.0000000000 0.0000000000
1722600.0000000000 0.0000000000
1723200.0000000000 0.0000000000
1723800.0000000000 0.0000000000
1724400.0000000000 0.0000000000
1725000.0000000000 0.0000000000
1725600.0000000000 0.0000000000
1726200.0000000000 0.0000000000
1726800.0000000000 0.0000000000
1727400.0000000000 0.0000000000
1728000.0000000000 0.0000000000
1728600.0000000000 0.0000000000
1729200.0000000000 0.0000000000
1729800.0000000000 0.0000000000
1730400.0000000000 0.0000000000
1731000.0000000000 0.0000000000
1731600.0000000000 0.0000000000
1732200.0000000000 0.0000000000
1732800.0000000000 0.0000000000
1733400.0000000000 0.0000000000
1734000.0000000000 0.0000000000
1734600.0000000000 0.0000000000
1735200.0000000000 0.0000000000
1735800.0000000000 0.0000000000
1736400.0000000000 0.0000000000
1737000.0000000000 0.0000000000
1737600.0000000000 0.0000000000
1738200.0000000000 0.0000000000
1738800.0000000000 0.0000000000
1739400.0000000000 0.0000000000
1740000.0000000000 0.0000000000
1740600.0000000000 0.0000000000
1741200.0000000000 0.0000000000
1741800.0000000000 0.0000000000
1742400.0000000000 0.0000000000
1743000.0000000000 0.0000000000
1743600.0000000000 0.0000000000
1744200.0000000000 0.0000000000
1744800.0000000000 0.0000000000
1745400.0000000000 0.0000000000
1746000.0000000000 0.0000000000
1746600.0000000000 0.0000000000
1747200.0000000000 0.0000000000
1747800.0000000000 0.0000000000
1748400.0000000000 0.0000000000
1749000.0000000000 0.0000000000
1749600.0000000000 0.0000000000
1750200.0000000000 0.0000000000
1750800.0000000000 0.0000000000
1751400.0000000000 0.0000000000
1752000.0000000000 0.0000000000
1752600.0000000000 0.0000000000
1753200.0000000000 0.0000000000
1753800.0000000000 0.0000000000
1754400.0000000000 0.0000000000
1755000.0000000000 0.0000000000
1755600.0000000000 0.0000000000
1756200.0000000000 0.0000000000
1756800.0000000000 0.0000000000
1757400.0000000000 0.0000000000
1758000.0000000000 0.0000000000
1758600.0000000000 0.0000000000
1759200.0000000000 0.0000000000
1759800.0000000000 0.0000000000
1760400.0000000000 0.0000000102
1761000.0000000000 0.0000000000
1761600.0000000000 0.0000000000
1762200.0000000000 0.0000000000
1762800.0000000000 0.0000000000
1763400.0000000000 0.0000000000
1764000.0000000000 0.0000000000
1764600.0000000000 0.0000000000
1765200.0000000000 0.0000000000
1765800.0000000000 0.0000000000
1766400.0000000000 0.0000000000
1767000.0000000000 0.0000000000
1767600.0000000000 0.0000000000
1768200.0000000000 0.0000000000
1768800.0000000000 0.0000000000
1769400.0000000000 0.0000000000
1770000.0000000000 0.0000000000
1770600.0000000000 0.0000000000
1771200.0000000000 0.0000000000
1771800.0000000000 0.0000000000
1772400.0000000000 0.0000000000
1773000.0000000000 0.0000000000
1773600.0000000000 0.0000000000
1774200.0000000000 0.0000000000
1774800.0000000000 0.0000000000
1775400.0000000000 0.0000000000
1776000.0000000000 0.0000000000
1776600.0000000000 0.0000000000
1777200.0000000000 0.0000000000
1777800.0000000000 0.0000000000
1778400.0000000000 0.0000000000
1779000.0000000000 0.0000000000
1779600.0000000000 0.0000000000
1780200.0000000000 0.0000000000
1780800.0000000000 0.0000000000
1781400.0000000000 0.0000000000
1782000.0000000000 0.0000000000
1782600.0000000000 0.0000000000
1783200.0000000000 0.0000000000
1783800.0000000000 0.0000000000
1784400.0000000000 0.0000000000
1785000.0000000000 0.0000000000
1785600.0000000000 0.0000000000
1786200.0000000000 0.0000000000
1786800.0000000000 0.0000000000
1787400.0000000000 0.0000000000
1788000.0000000000 0.0000000000
1788600.0000000000 0.0000000000
1789200.0000000000 0.0000000000
1789800.0000000000 0.0000000000
1790400.0000000000 0.0000000000
1791000.0000000000 0.0000000000
1791600.0000000000 0.0000000000
1792200.0000000000 0.0000000000
1792800.0000000000 0.0000000000
1793400.0000000000 0.0000000000
1794000.0000000000 0.0000000000
1794600.0000000000 0.0000000000
1795200.0000000000 0.0000000000
1795800.0000000000 0.0000000000
1796400.0000000000 0.0000000000
1797000.0000000000 0.0000000000
1797600.0000000000 0.0000000000
1798200.0000000000 0.0000000000
1798800.0000000000 0.0000000000
1799400.0000000000 0.0000000000
1800000.0000000000 0.0000000000
1800600.0000000000 0.0000000000
1801200.0000000000 0.0000000000
1801800.0000000000 0.0000000000
1802400.0000000000 0.0000000000
1803000.0000000000 0.0000000000
1803600.0000000000 0.0000000000
1804200.0000000000 0.0000000000
1804800.0000000000 0.0000000000
1805400.0000000000 0.0000000000
1806000.0000000000 0.0000000000
1806600.0000000000 0.0000000000
1807200.0000000000 0.0000000000
1807800.0000000000 0.0000000000
1808400.0000000000 0.0000000000
1809000.0000000000 0.0000000000
1809600.0000000000 0.0000000000
1810200.0000000000 0.0000000000
1810800.0000000000 0.0000000000
1811400.0000000000 0.0000000000
1812000.0000000000 0.0000000000
1812600.0000000000 0.0000000000
1813200.0000000000 0.0000000000
1813800.0000000000 0.0000000000
1814400.0000000000 0.0000000000
1815000.0000000000 0.0000000000
1815600.0000000000 0.0000000000
1816200.0000000000 0.0000000000
1816800.0000000000 0.0000000000
1817400.0000000000 0.0000000000
1818000.0000000000 0.0000000000
1818600.0000000000 0.0000000000
1819200.0000000000 0.0000000000
1819800.0000000000 0.0000000000
1820400.0000000000 0.0000000000
1821000.0000000000 0.0000000000
1821600.0000000000 0.0000000000
1822200.0000000000 0.0000000000
1822800.0000000000 0.0000000000
1823400.0000000000 0.0000000000
1824000.0000000000 0.0000000000
1824600.0000000000 0.0000000000
1825200.0000000000 0.0000000000
1825800.0000000000 0.0000000000
1826400.0000000000 0.0000000000
1827000.0000000000 0.0000000000
1827600.0000000000 0.0000000000
1828200.0000000000 0.0000000000
1828800.0000000000 0.0000000000
1829400.0000000000 0.0000000000
1830000.0000000000 0.0000000000
1830600.0000000000 0.0000000000
1831200.0000000000 0.0000000000
1831800.0000000000 0.0000000000
1832400.0000000000 0.0000000000
1833000.0000000000 0.0000000000
1833600.0000000000 0.0000000000
1834200.0000000000 0.0000000102
1834800.0000000000 0.0000000000
1835400.0000000000 0.0000000000
1836000.0000000000 0.0000000000
1836600.0000000000 0.0000000000
1837200.0000000000 0.0000000000
1837800.0000000000 0.0000000000
1838400.0000000000 0.0000000000
1839000.0000000000 0.0000000000
1839600.0000000000 0.0000000000
1840200.0000000000 0.0000000000
1840800.0000000000 0.0000000000
1841400.0000000000 0.0000000000
1842000.0000000000 0.0000000051
1842600.0000000000 0.0000000000
1843200.0000000000 0.0000000000
1843800.0000000000 0.0000000000
1844400.0000000000 0.0000000000
1845000.0000000000 0.0000000000
1845600.0000000000 0.0000000000
1846200.0000000000 0.0000000000
1846800.0000000000 0.0000000000
1847400.0000000000 0.0000000000
1848000.0000000000 0.0000000000
1848600.0000000000 0.0000000000
1849200.0000000000 0.0000000000
1849800.0000000000 0.0000000000
1850400.0000000000 0.0000000000
1851000.0000000000 0.0000000000
1851600.0000000000 0.0000000000
1852200.0000000000 0.0000000000
1852800.0000000000 0.0000000000
1853400.0000000000 0.0000000000
1854000.0000000000 0.0000000000
1854600.0000000000 0.0000000000
1855200.0000000000 0.0000000000
1855800.0000000000 0.0000000000
1856400.0000000000 0.0000000000
1857000.0000000000 0.0000000000
1857600.0000000000 0.0000000000
1858200.0000000000 0.0000000000
1858800.0000000000 0.0000000000
1859400.0000000000 0.0000000000
1860000.0000000000 0.0000000000
1860600.0000000000 0.0000000000
1861200.0000000000 0.0000000000
1861800.0000000000 0.0000000000
1862400.0000000000 0.0000000000
1863000.0000000000 0.0000000000
1863600.0000000000 0.0000000000
1864200.0000000000 0.0000000000
1864800.0000000000 0.0000000000
1865400.0000000000 0.0000000000
1866000.0000000000 0.0000000000
1866600.0000000000 0.0000000000
1867200.0000000000 0.0000000000
1867800.0000000000 0.0000000000
1868400.0000000000 0.0000000000
1869000.0000000000 0.0000000000
1869600.0000000000 0.0000000000
1870200.0000000000 0.0000000000
1870800.0000000000 0.0000000000
1871400.0000000000 0.0000000000
1872000.0000000000 0.0000000000
1872600.0000000000 0.0000000000
1873200.0000000000 0.0000000000
1873800.0000000000 0.0000000000
1874400.0000000000 0.0000000000
1875000.0000000000 0.0000000000
1875600.0000000000 0.0000000000
1876200.0000000000 0.0000000000
1876800.0000000000 0.0000000000
1877400.0000000000 0.0000000000
1878000.0000000000 0.0000000000
1878600.0000000000 0.0000000000
1879200.0000000000 0.0000000000
1879800.0000000000 0.0000000000
1880400.0000000000 0.0000000000
1881000.0000000000 0.0000000000
1881600.0000000000 0.0000000000
1882200.0000000000 0.0000000000
1882800.0000000000 0.0000000000
1883400.0000000000 0.0000000000
1884000.0000000000 0.0000000000
1884600.0000000000 0.0000000000
1885200.0000000000 0.0000000000
1885800.0000000000 0.0000000000
1886400.0000000000 0.0000000000
1887000.0000000000 0.0000000000
1887600.0000000000 0.0000000000
1888200.0000000000 0.0000000000
1888800.0000000000 0.0000000000
1889400.0000000000 0.0000000000
1890000.0000000000 0.0000000000
1890600.0000000000 0.0000000000
1891200.0000000000 0.0000000000
1891800.0000000000 0.0000000000
1892400.0000000000 0.0000000000
1893000.0000000000 0.0000000000
1893600.0000000000 0.0000000000
1894200.0000000000 0.0000000000
1894800.0000000000 0.0000000000
1895400.0000000000 0.0000000000
1896000.0000000000 0.0000000000
1896600.0000000000 0.0000000000
1897200.0000000000 0.0000000000
1897800.0000000000 0.0000000000
1898400.0000000000 0.0000000000
1899000.0000000000 0.0000000000
1899600.0000000000 0.0000000000
1900200.0000000000 0.0000000000
1900800.0000000000 0.0000000000
